entrez_id	centroid
6712	-0.992333333333333
51599	-3.97933333333333
7022	-1.90944444444444
1969	1.43377777777778
79679	-2.61988888888889
8611	1.21922222222222
51322	-1.82388888888889
83459	-0.713444444444444
10052	0.701333333333333
558	4.23644444444444
59346	1.61722222222222
54845	-4.29288888888889
55055	1.10122222222222
57380	-1.50611111111111
1973	0.886111111111111
4582	-2.77188888888889
9697	1.23888888888889
112	-1.03555555555556
8607	-0.751555555555556
9955	1.17566666666667
10544	2.67633333333333
79160	0.461222222222222
649	0.558444444444444
2886	-1.54644444444444
2791	6.67911111111111
29984	-1.59455555555556
51293	1.44122222222222
1289	1.56577777777778
25984	-1.77866666666667
3489	2.51277777777778
55635	0.848888888888889
23151	-0.903444444444444
54908	1.84244444444444
928	-3.47011111111111
57402	-5.45755555555556
4276	1.285
57490	-1.08866666666667
9993	-0.783222222222222
3880	-11.9946666666667
5159	0.763333333333333
3775	-2.44377777777778
7718	-2.01622222222222
80742	0.763666666666667
9887	-0.793666666666667
11094	-0.571777777777778
22822	1.83388888888889
1164	0.931222222222222
55638	-1.50622222222222
27315	-1.06644444444444
9200	2.30444444444444
80004	-2.70144444444444
79666	-2.76955555555556
55759	0.712111111111111
4329	-0.942444444444444
10507	-1.21933333333333
3162	1.79633333333333
11018	0.771777777777778
6337	-3.92966666666667
901	-1.26766666666667
6880	1.11555555555556
7494	-2.44944444444444
54972	-1.66688888888889
1902	2.06122222222222
5287	-1.13022222222222
27338	1.43788888888889
2064	-1.45911111111111
81493	1.20277777777778
10381	0.716666666666667
8038	1.14066666666667
51380	-0.699
55872	1.43766666666667
55526	-1.36877777777778
7764	-1.8
79837	-1.256
3875	-3.91733333333333
51765	-2.23822222222222
3084	0.878555555555556
8502	-1.39055555555556
83461	0.962222222222222
55227	-0.892111111111111
9526	0.584666666666667
10974	-3.80044444444444
55647	-1.27666666666667
6453	0.580111111111111
81539	-2.93322222222222
8061	4.58477777777778
9022	-1.30244444444444
613	-0.871444444444444
23286	-1.83444444444444
3948	0.547555555555556
7163	-3.79711111111111
124583	-1.11722222222222
3269	1.01022222222222
2632	2.34033333333333
8349	-1.486
4869	0.786777777777778
2969	-1.13866666666667
23779	-2.45588888888889
1000	1.617
288	-1.67844444444444
1292	2.18177777777778
10966	-1.32766666666667
784	-0.982777777777778
51015	-1.86188888888889
64780	0.917444444444444
11167	2.13133333333333
113146	3.87733333333333
55620	-1.232
55930	-3.25633333333333
22874	-1.25466666666667
79152	-1.62388888888889
2013	-2.61
1945	-1.85922222222222
64151	1.472
8828	0.916111111111111
7020	-1.89733333333333
51186	1.78033333333333
5025	-1.29144444444444
1397	-2.031
3678	1.62911111111111
6051	-1.089
23284	0.677555555555556
3898	-1.92444444444444
3728	-5.83911111111111
9141	1.02022222222222
23301	0.731111111111111
2166	-0.891444444444444
7389	1.31488888888889
4179	-2.01388888888889
23242	-1.74277777777778
1687	2.26577777777778
11274	-1.15044444444444
83604	1.08811111111111
79767	-1.66011111111111
64856	-1.05111111111111
5627	2.95111111111111
2697	5.90122222222222
51093	-0.765111111111111
64320	0.613
55509	0.791777777777778
2123	3.28455555555556
10644	2.25411111111111
58495	-1.01588888888889
7040	1.20311111111111
934	-5.95077777777778
51170	2.91311111111111
1999	-3.24555555555556
80303	-4.40333333333333
1466	2.791
7586	-1.31322222222222
26298	-1.47355555555556
5863	-0.974888888888889
54974	0.725111111111111
5917	0.716555555555556
7064	0.577666666666667
3201	0.662111111111111
10257	1.46755555555556
9442	0.534666666666667
51283	0.679666666666667
25907	3.89777777777778
57111	-7.2
64400	-1.24222222222222
8406	4.04555555555556
1856	0.695888888888889
1371	1.12211111111111
5493	-3.29877777777778
79633	0.751222222222222
9410	0.729888888888889
2625	-1.80522222222222
29923	-1.47511111111111
9026	-0.756444444444444
79056	-0.855222222222222
6653	-1.70766666666667
970	1.87322222222222
26504	-1.02711111111111
79188	0.706444444444444
2534	1.154
5525	-0.731222222222222
80723	1.28111111111111
10298	-0.790222222222222
7905	-1.51611111111111
26575	1.09922222222222
23086	-1.616
857	6.81511111111111
54964	-0.607333333333333
7291	3.83033333333333
1192	0.977333333333333
133	2.17211111111111
3977	0.790555555555556
5552	4.17044444444444
8379	1.84666666666667
54796	1.02833333333333
23255	2.06233333333333
9760	0.510666666666667
55014	-0.591777777777778
180	-0.864888888888889
4323	0.826888888888889
23741	0.991888888888889
7278	0.453333333333333
54934	-0.878666666666667
3676	0.599333333333333
23593	-1.69377777777778
1601	2.62288888888889
55847	0.868111111111111
22840	1.62388888888889
6591	4.651
7265	0.746333333333333
27075	-5.26977777777778
2200	2.635
5867	-1.66088888888889
8933	0.849111111111111
26018	-1.32955555555556
6617	2.21533333333333
1984	1.10722222222222
10589	1.30255555555556
7739	-1.79688888888889
55788	-1.03044444444444
80194	-1.86288888888889
22826	1.03122222222222
56034	2.01011111111111
54939	0.899111111111111
4072	-8.30922222222222
987	-1.71011111111111
25870	5.72144444444444
10469	0.659
4314	0.369888888888889
55384	0.271222222222222
2119	0.933
51430	-1.506
55765	-3.02911111111111
54530	-1.65655555555556
79228	1.01188888888889
79642	0.839888888888889
2179	-1.12344444444444
79649	0.578
10126	-0.630444444444444
6646	1.19988888888889
10205	-0.770666666666667
290	4.63822222222222
1159	-4.27777777777778
1514	1.72344444444444
1647	1.83211111111111
22939	3.89866666666667
3589	0.911666666666667
8601	1.29488888888889
1040	-1.38288888888889
2182	1.96522222222222
55701	1.36344444444444
23263	-1.057
83481	-1.45244444444444
3945	1.25922222222222
6474	1.24044444444444
10007	0.856555555555556
79772	1.04633333333333
10184	0.878444444444444
5869	-0.894333333333333
23121	-0.957
7351	-2.22577777777778
991	1.30433333333333
9446	1.50422222222222
3046	1.23133333333333
1004	0.418
6574	1.71833333333333
316	1.07933333333333
1806	3.13822222222222
55022	1.76377777777778
1796	0.599
80308	-0.934333333333333
9204	1.30688888888889
9885	-0.91
23608	-1.459
9839	0.616222222222222
10536	0.964222222222222
57237	-0.991666666666667
3569	1.79944444444444
7286	-1.89588888888889
54794	-1.66366666666667
51690	0.804444444444444
55699	-1.04633333333333
5909	-0.876222222222222
22921	-1.85322222222222
23399	0.644444444444444
9945	2.23277777777778
4233	0.824
57147	-0.886666666666667
23394	-1.27866666666667
3856	-5.95255555555556
79070	1.73111111111111
1031	1.33
5198	1.78288888888889
23199	-2.22622222222222
56005	0.623222222222222
1778	1.18122222222222
23623	-1.10577777777778
4921	2.18677777777778
6286	-6.40866666666667
1741	-0.965555555555556
87	1.15755555555556
23516	2.96233333333333
4486	-1.35555555555556
381	-0.806444444444444
7424	3.15244444444444
51762	0.823777777777778
27122	2.98888888888889
4286	1.38077777777778
85236	-1.88822222222222
5652	-3.69455555555556
55323	1.22133333333333
55355	1.01444444444444
51087	-0.827333333333333
27350	1.12455555555556
274	1.64533333333333
1508	1.80344444444444
10551	-4.69911111111111
5603	-2.00155555555556
57509	-0.907222222222222
51334	4.22822222222222
51133	-1.66788888888889
4950	-1.06655555555556
10226	1.18888888888889
3418	-1.62977777777778
780	-3.52711111111111
64787	-2.29722222222222
3490	4.05233333333333
11217	3.86711111111111
23314	0.941111111111111
4642	-1.31866666666667
2065	-4.83677777777778
2535	1.79888888888889
23433	1.24722222222222
8804	-2.86633333333333
83442	1.33822222222222
8536	1.32455555555556
23190	-1.15522222222222
3625	-4.408
57668	-1.06488888888889
25959	1.27388888888889
5293	0.878555555555556
9590	2.823
79770	1
81579	-1.03866666666667
627	1.87077777777778
5792	-2.32488888888889
10848	-1.47255555555556
64284	-1.45355555555556
10409	4.66988888888889
9136	0.833888888888889
54961	-1.73211111111111
10360	0.975444444444444
9448	1.51555555555556
90480	0.428888888888889
1002	0.601777777777778
4837	5.57411111111111
54849	1.48233333333333
25945	1.91644444444444
79833	0.917222222222222
1365	-3.09222222222222
10491	0.737777777777778
10726	1.09833333333333
8727	2.82522222222222
3575	1.73611111111111
3169	-3.867
445	-3.98611111111111
9919	-1.356
3866	-2.50833333333333
23508	-1.41444444444444
8500	-0.897
7090	-0.886444444444444
4061	-1.62633333333333
54836	-2.21066666666667
79030	-1.76311111111111
9170	-1.15766666666667
56654	-1.76333333333333
5311	1.22877777777778
5054	3.30855555555556
1281	3.98111111111111
55909	0.807555555555556
54707	1.01611111111111
1942	-2.24211111111111
2042	1.04511111111111
5396	0.904111111111111
902	0.808666666666667
9947	0.776333333333333
10253	1.70977777777778
10276	-2.44788888888889
1808	2.21955555555556
822	2.21888888888889
3177	-1.99833333333333
9194	0.885444444444444
9618	-1.27255555555556
85360	1.25544444444444
28962	1.99166666666667
55210	0.512555555555556
3074	0.773666666666667
8850	1.58911111111111
5873	1.327
89927	1.75366666666667
79956	-1.70666666666667
23603	1.65488888888889
638	-0.838666666666667
64844	-1.50433333333333
661	0.859888888888889
79821	0.623888888888889
6274	1.31211111111111
4953	2.05411111111111
5349	-3.75133333333333
10256	-0.946555555555556
1944	-0.849555555555556
56672	0.774777777777778
58472	-2.18977777777778
1001	-3.06933333333333
23507	-0.793888888888889
128	0.637888888888889
5223	0.701555555555556
79779	1.34488888888889
11187	-1.76255555555556
23194	1.18188888888889
9914	-1.94788888888889
4856	2.071
23597	1.33755555555556
27230	-0.996333333333333
563	-2.31633333333333
7164	-4.32433333333333
10981	1.99866666666667
222	-2.32344444444444
3995	0.830222222222222
10265	-2.73422222222222
54812	-0.511666666666667
23587	1.95222222222222
158	1.16777777777778
6415	-1.67455555555556
55135	0.900666666666667
2180	-1.962
25840	-1.66055555555556
2125	-0.915333333333333
54912	1.17222222222222
5777	-1.30711111111111
10765	-1.469
7169	3.28444444444444
92342	-0.843888888888889
55686	-2.60833333333333
10053	-1.78488888888889
2523	-0.835222222222222
8991	-3.61633333333333
79709	0.599888888888889
4015	2.37722222222222
9639	1.35566666666667
10530	0.726888888888889
10744	0.378111111111111
7009	-0.904
10899	-1.19266666666667
2014	7.84833333333333
64762	-1.17011111111111
10969	1.25166666666667
5216	0.862444444444444
3035	1.13388888888889
55040	-1.58088888888889
23333	2.18755555555556
55619	1.935
10728	1.12844444444444
5891	1.60833333333333
1490	4.58522222222222
23624	-1.23022222222222
9532	3.67833333333333
7048	1.69855555555556
10643	3.75155555555556
22992	-0.692111111111111
131566	0.891666666666667
10594	0.728888888888889
5118	1.96511111111111
4734	1.59611111111111
2962	0.649666666666667
6817	-2.19477777777778
56912	1.85866666666667
5351	1.31844444444444
7844	-1.11455555555556
9353	1.54922222222222
51118	0.930222222222222
57496	-1.14166666666667
7433	-1.18944444444444
5190	-0.846888888888889
4927	1.22211111111111
79762	-1.87277777777778
2149	1.94622222222222
25999	0.754333333333333
7456	1.41088888888889
6272	-0.671444444444444
6695	3.21744444444444
79703	-1.26677777777778
9144	-2.39377777777778
29116	-1.06744444444444
7045	4.04011111111111
9232	1.08088888888889
10654	-1.49011111111111
2752	-3.19344444444444
7984	-1.30066666666667
9771	-0.675444444444444
5468	1.72366666666667
9397	1.10333333333333
5300	0.889333333333333
55114	0.636222222222222
5050	-1.11466666666667
8444	0.576444444444444
9368	-3.17955555555556
6678	6.55244444444444
3280	-2.05833333333333
27293	-0.816444444444444
8673	-6.79633333333333
25900	0.503666666666667
8460	0.624777777777778
858	2.751
55178	0.814444444444444
54994	-1.09255555555556
6818	-1.67922222222222
54478	1.31788888888889
6768	-3.05188888888889
6622	1.32966666666667
6396	1.02022222222222
4885	2.14633333333333
4502	1.75011111111111
6935	1.90688888888889
55621	1.00344444444444
55704	0.632111111111111
10631	3.348
54874	-2.31622222222222
5087	-2.402
8503	-0.863555555555556
23218	-1.184
23023	-0.769222222222222
23555	-0.901888888888889
79187	1.086
3993	-2.70922222222222
10186	2.67144444444444
23768	1.97955555555556
11322	-1.06611111111111
85352	0.935888888888889
8905	2.23777777777778
79971	1.68655555555556
54842	-0.708666666666667
5228	1.21033333333333
10019	2.52766666666667
23364	-0.755888888888889
8635	-1.61588888888889
55617	-0.863666666666667
1678	0.605666666666667
26168	0.714555555555556
79977	-3.44955555555556
11226	-3.02788888888889
10278	-0.716222222222222
84617	1.76477777777778
3956	2.11377777777778
10272	0.888
57333	1.44433333333333
51512	1.04633333333333
4646	-1.83411111111111
2591	-2.57977777777778
56922	-1.41677777777778
6382	-2.04977777777778
7132	0.925111111111111
55214	3.01244444444444
9277	0.630444444444444
645	-1.51188888888889
29940	2.50922222222222
29990	-0.749777777777778
22882	-2.17533333333333
11010	2.34766666666667
2771	0.605888888888889
29911	-1.37088888888889
5156	0.744888888888889
10484	1.06488888888889
10079	-2.82366666666667
1534	-2.10055555555556
51094	-0.872333333333333
29108	-2.35266666666667
11245	0.602222222222222
8799	-1.46022222222222
4673	0.864888888888889
23243	0.949222222222222
81932	-0.799444444444444
10045	-1.19866666666667
55540	-1.48622222222222
5201	0.656444444444444
51316	2.91244444444444
64285	-1.07
4060	3.48311111111111
23643	1.79755555555556
23550	-1.03433333333333
7204	1.07922222222222
64087	-1.14222222222222
10402	1.373
8895	-1.48988888888889
51121	1.06722222222222
51363	-1.51255555555556
6431	2.11833333333333
136	1.85011111111111
308	1.23755555555556
3485	-2.38955555555556
54795	-1.139
9260	1.11033333333333
301	2.56888888888889
50848	-4.39255555555556
27303	0.573666666666667
27005	-0.831888888888889
55106	0.913777777777778
7076	2.07711111111111
7108	-2.26611111111111
26751	-5.14866666666667
22834	-1.16977777777778
6813	-1.15488888888889
1857	-0.767
54962	1.47544444444444
5774	-1.63711111111111
79090	-2.09366666666667
7227	-3.65944444444444
23607	-1.53377777777778
3983	-1.57055555555556
27076	-2.29722222222222
4313	2.56111111111111
27134	-2.24777777777778
1462	2.31966666666667
4478	2.68277777777778
1282	1.87633333333333
3079	1.11033333333333
481	-3.53211111111111
7187	0.369777777777778
10529	-2.12655555555556
55218	-0.689222222222222
4151	-2.59544444444444
3227	-0.641666666666667
51375	1.77388888888889
9580	-1.15111111111111
4247	1.00177777777778
9552	0.655333333333333
10140	-4.265
79170	-3.72811111111111
55450	-2.94266666666667
10687	1.13177777777778
23268	1.10466666666667
10653	-7.15055555555556
8878	1.43144444444444
64063	-0.590444444444444
1012	1.144
6584	-1.59844444444444
3855	-3.55888888888889
5590	-1.25211111111111
22884	-0.964777777777778
4670	0.514666666666667
80237	-1.51011111111111
81029	1.37211111111111
6256	-0.907888888888889
23258	1.44388888888889
2318	0.937777777777778
9766	-1.65333333333333
80223	-2.38177777777778
4907	5.55688888888889
51337	-1.33488888888889
23401	-1.12388888888889
9289	-2.424
9130	1.213
9444	0.957888888888889
2908	1.44577777777778
9516	-1.81022222222222
7070	1.333
11080	1.193
10395	2.56255555555556
891	0.963888888888889
22873	1.4
7538	-0.939111111111111
54502	-4.35466666666667
8533	0.971777777777778
55850	1.03022222222222
80195	-0.732111111111111
23329	-0.841888888888889
5328	2.86188888888889
6793	1.36422222222222
7805	0.829111111111111
3842	1.04411111111111
83638	0.794111111111111
593	-1.02133333333333
402	0.728777777777778
57645	-1.29277777777778
7005	-0.966222222222222
1464	0.588111111111111
4354	1.45833333333333
2011	-1.01511111111111
79961	-2.25233333333333
79784	-0.822444444444444
10920	0.813444444444444
6515	1.22866666666667
9987	0.737444444444444
27237	-0.768444444444444
25801	-1.16444444444444
1290	4.87244444444444
8666	0.849555555555556
55033	0.796222222222222
9743	-0.965333333333333
23654	-2.401
30008	1.37
23037	-1.65033333333333
1364	-5.17322222222222
7378	2.74222222222222
4602	-0.927555555555556
23468	0.879444444444444
2054	0.347111111111111
999	-5.92022222222222
79686	1.38988888888889
1832	-3.57222222222222
5806	5.00566666666667
2874	0.862
79840	0.476333333333333
23082	0.763111111111111
5347	0.694888888888889
1952	-1.13644444444444
8624	1.27666666666667
3598	1.46977777777778
9865	-0.658222222222222
3985	-2.42355555555556
8508	-1.12422222222222
55048	-1.01322222222222
79038	-0.919222222222222
5364	-1.72455555555556
90864	-0.686444444444444
9674	-0.908111111111111
7431	9.11066666666667
6575	-0.745555555555556
2963	0.924555555555556
6446	4.30411111111111
10979	2.50011111111111
1831	-1.247
4134	0.605111111111111
2619	1.82866666666667
5376	3.98166666666667
10577	1.19188888888889
1634	1.09133333333333
5793	2.75677777777778
60369	1.26022222222222
22941	-0.658111111111111
26032	2.21466666666667
25865	-1.06311111111111
7980	2.35
7035	1.28855555555556
10039	0.508888888888889
8436	1.05177777777778
64175	2.54988888888889
23180	2.55211111111111
2004	1.91344444444444
2297	0.929333333333333
6799	-1.05055555555556
7414	0.973222222222222
5580	-1.12677777777778
2247	1.32855555555556
55580	0.440222222222222
11142	1.21511111111111
4017	1.50611111111111
6483	0.606111111111111
6386	1.18
54020	-1.42288888888889
5357	-1.80044444444444
9180	1.17366666666667
29098	1.55511111111111
9667	0.548111111111111
51339	1.217
64065	-2.85544444444444
11102	0.607
2995	1.25877777777778
10946	0.881888888888889
3115	0.935333333333333
11059	-1.215
6443	1.533
607	-0.458777777777778
1500	-1.30555555555556
3801	0.788
6692	-5.80255555555556
29760	-1.45711111111111
23543	1.13088888888889
10121	0.700222222222222
8864	-0.711444444444444
23403	-1.21511111111111
22996	-1.72622222222222
1382	-4.35044444444444
26278	3.10766666666667
7171	1.78155555555556
5651	1.221
79007	-0.938888888888889
25805	-3.25455555555556
3491	2.75933333333333
25803	-3.06388888888889
54682	-1.59877777777778
3321	-1.519
10819	-1.56311111111111
10331	-0.630333333333333
64112	-1.60655555555556
5101	0.579
6414	-2.43111111111111
29902	1.35277777777778
231	5.55588888888889
5926	2.86611111111111
1366	-5.01133333333333
26017	0.746777777777778
2193	0.705222222222222
9053	-1.95511111111111
7818	-0.966777777777778
55862	1.40511111111111
1009	2.33066666666667
22871	0.524666666666667
23414	1.00255555555556
2669	1.76644444444444
