entrez_id	centroid
701	0.438659563
983	0.37751738
9787	0.475646362
92086	-0.255249737
10135	0.311170213
29923	0.266108402
55355	0.188574226
55332	-0.261288815
79170	-0.220483707
51557	0.884333285
3128	-0.385356884
54440	-0.367727787
7257	0.364475794
128872	0.363278964
55197	0.35557861
54845	0.378444573
25849	-0.080218545
3620	-0.176050215
55638	0.213042873
26010	-0.235099377
3783	-0.507596686
722	-0.271642935
6236	-0.366178329
4818	-0.121270056
55872	0.588151896
3002	0.04519868
6440	-1.030310655
5901	0.370364235
83442	-0.261274739
7412	-0.196061521
341	-0.433384279
8857	-0.436744666
2277	-0.177727633
79838	-0.029931633
6624	-0.159355389
2065	0.151535095
3015	0.227037487
11113	0.484360249
3336	0.313310874
6059	0.20123295
259266	0.611099523
54	-0.318841813
9404	-0.340032911
22797	-0.106668778
911	-0.233646363
3394	-0.373711848
837	-0.18813099
1474	-0.522419216
3371	-0.615304953
825	-0.195692773
4320	-0.174990051
64581	-0.314353121
6362	-0.368244593
664	0.482458203
2327	-0.341659859
55165	0.626299211
5909	0.001662058
1512	-0.519559808
10752	0.490740594
23022	-0.191363189
8406	-0.296718541
2532	-0.275857176
4332	-0.425455741
1675	-0.465630486
3170	-0.245122189
7153	0.662721781
29842	0.172015921
29789	0.246622158
51002	0.267070442
929	-0.573490873
951	-0.499539785
9935	-0.345317171
4321	0.297038112
7272	0.304832535
7103	0.946669251
3684	-0.413520233
5920	-0.65345571
50515	-0.093430697
3071	-0.32121697
4128	0.100712353
29088	0.310535825
6999	-0.015983792
9833	0.363067993
23327	0.192260523
54892	0.247740109
5225	-0.020284328
3034	0.6911104
5552	-0.365166638
3149	0.819180541
1001	-0.510424885
7525	0.257512684
9133	0.400673255
2316	-0.479827862
3131	-0.150481615
8639	-0.231678193
28977	0.335156977
1118	-0.310400317
5118	-0.301612261
55636	0.407276444
11222	0.225427424
11010	-0.337097284
1289	-0.117646514
51297	0.669075426
2	-0.27841136
23560	0.341252505
26053	-0.565476883
4316	-0.772984992
6241	0.469476517
7803	0.445311154
597	-0.194676601
26973	0.269624641
6039	-0.496935821
1293	-0.252171927
54504	-0.477751256
55013	-0.164220315
360	0.017567304
51296	-0.366273973
2305	0.39434394
891	0.530705813
1318	-0.286153877
962	-0.301086492
355	-0.336309261
22974	0.42290435
834	-0.353220569
6441	-0.515165169
5214	0.268234026
56521	1.350268716
21	-0.258379273
171546	0.585393989
2877	1.155733939
6355	-0.124632126
10484	0.192468711
1043	-0.60681868
11343	-0.367282491
1755	-0.269883014
9447	-0.240567158
5836	0.075500101
11197	-0.00756489
6812	0.002493078
131578	-0.100424662
481	0.244762612
1536	-0.302452369
4239	-0.492693294
6286	1.545031749
4318	-0.271273006
9353	-0.296060261
9735	0.244420369
81929	0.397478738
6347	-0.411577737
3937	-0.227304148
27286	-0.196457461
6596	0.359408647
9928	0.261531996
26354	0.261060704
2730	0.310879946
79098	-0.506512303
51338	-0.411273183
23603	-0.03709853
10516	-0.293619281
2705	-0.045483662
53827	-0.565902902
28998	0.408382722
1806	-0.521106034
80736	0.055062589
2162	-0.464832915
4005	-0.299387502
3113	-0.77024196
7433	-0.150561127
3109	-0.559055268
6890	-0.101774031
2212	-0.378847926
51330	-0.327089779
9689	0.204947547
23492	-0.302461515
25907	-0.015223347
6591	-0.095572234
221395	-0.471185931
4256	-0.464166387
9055	0.542792591
3613	0.499563532
10128	0.315232204
60492	0.052229512
7045	-0.406941629
25878	-0.070200758
4585	0.810084604
22795	-0.017564625
7805	-0.404418157
7058	-0.057792996
5376	-0.297543037
55214	-0.343206091
1163	0.337683906
4501	-0.27196411
55312	0.411241625
3689	-0.622463138
4050	-0.375043763
3428	-0.282842394
3936	-0.347603512
710	-0.428241174
2634	-0.142751551
27338	0.511776844
125	-0.341573402
26585	0.111908028
7177	-0.387248262
6690	0.787719104
23234	0.261544
1306	-0.073982057
23213	0.124968808
3119	-0.893059109
3772	-0.25028328
6338	-0.045593803
6357	-0.353941304
5054	-0.144350237
11151	-0.459552816
6279	-0.273166036
1846	1.233955916
1514	-0.04044696
6515	-0.069351007
1292	-0.354362778
6344	-0.16831301
7443	0.278290485
9246	-0.242030539
50486	-0.31468362
2350	-0.347060346
10577	-0.525326224
2207	-0.493117647
3148	0.308874068
11346	-0.355985843
54209	-0.388787077
7940	-0.349480442
1580	-0.496614353
972	-0.568282977
1191	-0.405613622
7130	0.053546134
56833	-0.291435339
11000	-0.193118245
51177	-0.185080005
7113	-0.347442509
165	-0.457007858
8660	0.782383034
5348	-0.205238285
963	-0.399310739
1281	-0.01035679
2146	0.391231036
4175	0.302809244
79023	0.250915664
51072	0.299920115
3956	-0.269868103
3376	0.190496761
1290	0.029043122
2938	0.166319744
5730	-0.626067247
55890	0.128865531
7431	-0.448705028
7371	0.44398586
27324	0.239289481
4830	0.304191666
23531	0.081469646
81035	-0.571691345
6632	0.29491265
5329	-0.091427429
978	-0.067613579
4953	0.977673222
10797	0.488967068
9330	0.228124152
4719	0.359023449
64092	-0.378955633
4689	-0.394622198
7123	-0.220169617
64866	-0.152261919
9254	-0.254825788
4638	-0.46145733
5352	0.389577841
10568	-0.474536305
3815	1.032084233
6897	0.270945804
1601	-0.396286804
8634	0.157912046
3115	-0.715339538
10926	0.193956303
4893	0.24938919
1278	-0.010226627
7791	-0.236458328
2267	0.78637665
23516	0.245616293
7203	0.383034499
5591	0.259960633
7336	0.336715969
10497	0.323837577
301	-0.504005134
2203	-0.415564332
8544	0.405832027
23179	-0.344965189
5321	1.507269116
5284	-0.262644125
7453	-0.017847543
1063	0.329072924
224	0.322726215
6363	-0.563375422
9123	0.002041149
57698	0.465807675
6001	-0.215188699
960	-0.349065552
5805	0.288891953
10635	0.270353725
9332	-0.420937397
50856	-0.173816146
10398	-0.546201271
397	-0.359536283
29127	0.406750376
3678	-0.161478011
25903	-0.111757234
241	-0.776098834
2287	0.312709471
87	-0.106603695
6439	-0.049816865
4053	-0.489661621
55215	0.308443365
26471	-0.512067077
8140	0.424165563
6352	-0.306738463
7305	-0.603208478
822	-0.460327051
6273	-0.176310563
8540	0.288546638
54431	0.381307621
1942	0.174208231
5880	-0.337874805
1894	0.67048901
27074	-0.467428419
7345	0.852513691
7097	-0.501320365
1832	0.580911315
3122	-0.647244205
54517	0.227448063
10875	-0.362655901
9535	-0.434333473
27299	0.045386131
4061	-0.507738783
1301	0.14854119
914	-0.40967927
64231	-0.387970229
7356	-0.674866452
8630	-0.228289815
991	0.407265348
54997	1.069431274
1556	-0.21670191
2013	-0.258230255
5047	0.3764988
10628	-0.356383078
51673	-0.27079623
9111	-0.011497183
9631	0.351057603
10059	0.262384482
3796	0.179439762
1646	1.341970185
4046	-0.340502184
8399	0.034746293
10213	0.19332873
51056	-0.109268855
79682	0.396520033
11012	0.069749033
6996	0.503468422
1436	-0.47943495
4688	-0.507508037
890	0.26623281
6337	0.317801561
719	-0.372495457
2123	-0.366382709
11130	0.489143342
2995	-0.342845362
4085	0.504068568
7298	0.368518753
11073	0.266339269
3838	0.278410801
9308	-0.28076707
6695	0.041223538
4436	0.451477787
51203	0.325174605
26872	0.026334131
9914	0.100248708
51026	0.177832574
3576	0.31138579
2633	-0.176874988
9770	-0.370306058
7171	-0.120109968
920	-0.289259673
64236	-0.339678021
51090	-0.297554955
3430	-0.279255724
712	-0.538383137
8991	-0.283690771
1513	-0.164561525
8520	0.23256123
3627	-0.113998504
2330	-0.028252755
1462	0.194713582
7070	-0.12119329
7040	-0.401188783
1359	-0.664420289
2621	-0.371374405
4502	-0.191208309
24137	0.350057872
3133	-0.285627887
3912	-0.133869818
9450	-0.354196881
4267	-0.124062756
4016	-0.342804101
2191	-0.07395811
5788	-0.396789822
5698	-0.219088258
3040	-0.360387663
7106	-0.40171692
3055	-0.509563367
51208	-0.109295848
65985	0.345758529
51514	0.224596255
9837	0.581581073
55076	-0.056138463
60489	-0.25062469
8685	-0.510001949
390	-0.194348248
9945	-0.175005029
29940	-0.247105449
57535	0.15763641
79625	-0.601690238
2266	2.04441859
5984	0.335790097
10112	0.307578329
55854	0.18810741
5564	0.074145537
9521	0.279255437
51012	0.350738764
11031	-0.266296456
7444	0.128620959
3161	0.245540805
3108	-0.785616091
7296	0.573232901
1634	-0.519250652
9319	0.455069103
10914	0.299082801
29887	-0.085553589
11098	-0.143944347
25800	0.263561179
79844	0.063938551
55759	0.261418665
2348	-0.537040961
857	-0.498672777
1519	-0.393549153
1363	0.983903763
6351	-0.220795962
358	-0.451089183
1050	-0.377897969
2771	-0.299295883
5328	-0.191099216
4283	-0.283481905
2209	-0.399373307
730	-0.49194794
6035	-0.745784913
8836	0.44064916
1524	-0.238769021
57509	0.349314488
5121	1.085171567
3965	-0.292215142
9768	0.347813947
7033	1.026276872
4312	0.017029649
3231	-0.365449111
1164	0.399488296
3561	-0.388760572
1033	0.448702282
9976	-0.260359807
11260	0.400752472
2643	0.424868283
3832	0.407239112
11326	-0.584217501
240	-0.39334791
1591	1.124778507
713	-0.560935055
1434	0.228993175
9762	0.142209855
3001	-0.160461757
5217	0.686624753
1428	-0.094998067
11065	0.291946702
5366	0.048367942
2014	-0.557805804
10606	0.332865528
3329	0.380486485
5111	0.286072111
10631	0.058312199
3123	-0.667924996
6637	0.257631096
54205	0.23047386
202	-0.774429268
3575	-0.478147598
966	-0.327539877
10346	-0.34576555
10579	0.447267846
84617	-0.182961601
1277	-0.10168102
56938	0.048800255
10140	0.383999133
23263	0.247741894
10184	-0.227959837
55303	-0.28109634
8470	0.107340474
