entrez_id	centroid
5412	0.881027272727273
3601	-1.26345636363636
27242	-1.86501818181818
10403	-0.739754520545455
2131	-0.401318181818182
50804	0.272372759
30011	-0.691584613545455
7227	1.03828181818182
5099	-0.614899995909091
2152	-2.08829094045455
5621	-1.24588182364545
7791	-0.283081811918182
5696	-4.36963638454545
10927	-0.140674557090909
388228	1.02763712827273
11221	-0.674822685909091
1806	-2.62754545454545
317649	0.426654545454545
10206	0.0377973071818182
84527	-0.722490909090909
81539	0.311872727272727
7378	-4.01563636363636
56704	0.797372727272727
7035	-0.613072727272727
55742	-0.521227272727273
23406	-1.70409999916545
857	-3.20660003609091
60686	0.281245454545455
23007	0.198581818181818
11167	-0.268190909090909
1969	-1.17384545454545
51747	0.313754545454545
92482	0.0851545454545454
9411	-0.847809090909091
1201	0.626318181818182
56994	0.104163644472727
2150	-0.844535273059091
27250	1.65147272727273
55970	-0.901209077181818
55323	-1.03086363636364
283987	1.16312727272727
771	1.18245454545455
7048	-1.27535454545455
5880	-0.798590879636364
9120	1.93526363636364
53827	-1.86654457890909
123099	2.79307272727273
858	-2.25628181818182
9655	-0.646090872454545
57669	0.668763636363636
2004	-0.959765454545455
4651	-0.796763636363636
22936	-0.974272727272727
801	0.734572727272727
2181	0.241618181818182
58513	0.125745454545455
11118	-1.68326359336364
55700	-0.535054587272727
55048	0.520441818181818
7045	-1.47836363636364
3437	-1.01193633327273
388	1.16224545454545
1956	-1.21916363636364
7031	4.73387272727273
26064	-1.77167272727273
5332	0.686472727272727
9180	-0.751739116
10591	0.332463636363636
23468	-0.0258272727272727
4478	-2.58511818181818
10140	1.09286454545455
10602	-1.5899
21	1.03340906672727
10730	-0.0410289102363636
55214	-1.79831727272727
831	-0.753436363636364
115207	-1.13156092318182
57475	1.19489727272727
4067	-0.430972727272727
2013	0.722972727272727
23329	1.59650909090909
6764	-0.722027272727273
182	-0.707290909090909
5328	-1.006018149
1289	-1.78441727272727
430	2.48111290909091
4233	-1.6906
23171	0.934936363636364
6591	-1.48016362627273
118429	-0.948618181818182
170954	-0.756918182927273
8540	-2.26417272091818
51340	0.684681818181818
57580	2.44329090909091
7163	0.603154545454545
83451	0.704118181818182
5698	-1.66898545454545
131566	-0.633268181818182
346887	-2.27010181818182
10166	0.0944636363636364
64208	-0.682265414727273
253782	0.647819099390909
949	0.0134090909090909
10477	-1.03762727272727
219285	-0.830936363636364
51015	1.11435454545455
4137	1.48310906645455
170302	0.678463636363636
4837	-0.472081818181818
57535	3.68763636363636
54101	-0.609109107727273
1128	1.51929090909091
56882	0.259638191727273
1534	1.01757181818182
3628	-0.536735454545455
10809	2.65174545454545
3914	-0.912950868636364
10265	0.767345454545455
284119	-4.09672727272727
2048	-0.236108181818182
800	-1.34129090909091
5618	1.02115454545455
9687	0.500981818181818
3485	1.50195554545455
1365	1.15608181818182
10559	0.851795231545455
6506	0.433736363636364
56034	-2.26003090909091
5236	-0.978755272727273
148327	1.24149090909091
2635	-2.08241818181818
3678	-1.05797271509091
84441	-1.0847
8644	-2.64329090909091
301	-1.7879
79611	1.15467362309091
3382	0.154855454545455
3428	-1.1530818221
161145	0.396694545454545
9619	1.89990909090909
