entrez_id	centroid
10057	-1.105992972
90	-0.178079196
221	2.219151263
84168	0.147045232
782	-0.20324443
822	0.527849987
10951	-0.590584504
1003	-0.154649817
1031	-1.838299186
1113	-6.270243138
10519	0.299488775
7123	0.145446601
80777	-0.195779861
1796	0.036292272
1825	0.768110059
2237	-0.410034382
8928	1.363659619
2709	2.19942372
3231	-0.069692038
3249	0.622328635
8692	0.474593148
3382	-0.810830232
7087	2.125065462
3642	-2.434655562
3655	-0.78816622
3958	-0.827004605
3991	-0.251969236
26020	0.095040934
22924	-0.680620362
10873	0.176681714
23295	-0.083960053
4608	0.735194288
4647	0.580986613
4783	0.222744342
10606	-0.242330923
5058	-0.380340551
5175	0.036555864
5286	-0.386882403
22874	-0.400784678
10213	-0.511593809
79966	-0.477061938
2810	0.35719248
6478	-0.422238188
9892	-5.549956247
3925	-1.407505793
6928	1.968197854
6950	-2.925528673
7020	2.025281442
7080	0.464766853
23650	-1.655455943
7846	1.771265015
