entrez_id	centroid
701	0.543092251
983	0.36351427
9787	0.549853758
92086	-0.567998151
10135	0.477234255
29923	0.416895554
55355	0.307894501
55332	-0.215744962
79170	-0.8818468
51557	-0.734971902
3128	0.170989192
54440	0.311820764
7257	-0.202091308
128872	-0.153150125
55197	0.002086784
54845	-0.188682468
25849	-0.915098622
3620	0.812417655
55638	-0.716610914
26010	0.519368177
3783	0.541244594
722	-1.193997194
6236	0.000685599
4818	0.699854477
55872	0.281823043
3002	0.838326351
6440	-1.525992164
5901	0.231623882
83442	0.443082211
7412	1.017411121
341	0.192187719
8857	-0.166352829
2277	-0.322183112
79838	-0.879437705
6624	0.880904697
2065	-0.464985484
3015	0.405905166
11113	-0.76026799
3336	0.056918554
6059	0.301536171
259266	0.711797883
54	0.260954287
9404	0.558580389
22797	0.511514684
911	-0.152599512
3394	0.288263423
837	0.527356335
1474	1.099494782
3371	0.916594865
825	-0.146055223
4320	0.634678556
64581	0.554961184
6362	0.875899383
664	-0.059863955
2327	-0.4119705
55165	0.702142909
5909	-0.745923314
1512	-0.467720973
10752	-0.236309394
23022	0.505438279
8406	0.162825664
2532	-0.072430001
4332	0.931795285
1675	0.056669062
3170	-0.72408318
7153	0.727753027
29842	-0.51159902
29789	0.090268132
51002	0.276550595
929	0.676585123
951	0.443859728
9935	0.732121077
4321	1.292863945
7272	0.309679763
7103	-1.563659039
3684	0.501134406
5920	0.301466971
50515	0.528255364
3071	0.345768085
4128	-0.598844977
29088	0.309638918
6999	0.763140077
9833	0.594287843
23327	-0.468671599
54892	0.389477084
5225	-0.819932651
3034	-0.211822777
5552	0.549011459
3149	-0.301608967
1001	0.959011184
7525	0.067413744
9133	0.501774993
2316	0.371502724
3131	-0.216272985
8639	-0.010900666
28977	0.182294093
1118	0.100283534
5118	0.591638731
55636	-0.044564854
11222	0.173089444
11010	0.610221755
1289	0.75223546
51297	-0.482273593
2	-0.10385859
23560	0.188369745
26053	-0.684287085
4316	0.448294507
6241	0.802149465
7803	-0.226043067
597	0.890717604
26973	0.119684691
6039	0.648155918
1293	0.566705799
54504	0.407955476
55013	0.559472702
360	-1.267477911
51296	0.237540882
2305	0.364512286
891	0.542098415
1318	0.537420022
962	0.300415968
355	0.467944882
22974	0.731929753
834	0.681693735
6441	-0.840922055
5214	0.566940593
56521	-0.471338895
21	-0.819168124
171546	-0.266535776
2877	-0.487064734
6355	0.782890589
10484	0.401080414
1043	0.354052431
11343	-0.309794643
1755	-0.506465826
9447	1.190066019
5836	0.624631425
11197	-0.433255588
6812	-0.594666624
131578	0.754808745
481	-0.584801084
1536	0.560520098
4239	0.035452019
6286	-0.64410381
4318	0.822023757
9353	-0.014718834
9735	0.303849615
81929	-0.026536536
6347	0.532233046
3937	0.655709309
27286	1.003878677
6596	0.282605771
9928	0.320134137
26354	0.061060709
2730	0.306141056
79098	-0.51563048
51338	1.111719595
23603	0.525964425
10516	-0.235668682
2705	-0.592071864
53827	0.3588402
28998	0.24911475
1806	0.507288196
80736	-0.845916615
2162	0.771808498
4005	0.135740051
3113	0.242956516
7433	-0.285179416
3109	0.373850866
6890	0.694926322
2212	0.704420731
51330	0.317050193
9689	0.235136407
23492	-0.10289978
25907	0.796642214
6591	1.010221089
221395	-0.467457877
4256	-0.174369914
9055	0.507554719
3613	-0.68103457
10128	0.022321374
60492	0.489466329
7045	0.983036391
25878	0.703329433
4585	-0.301721502
22795	0.623267049
7805	0.554595804
7058	0.772027017
5376	0.442888818
55214	-0.35245013
1163	0.264850472
4501	0.733840456
55312	-0.124797391
3689	0.657495259
4050	0.178380178
3428	0.649441421
3936	0.512946288
710	0.456481116
2634	0.79845209
27338	0.509587194
125	-0.378436716
26585	1.339008294
7177	0.221851874
6690	-2.051153333
23234	0.335635695
1306	0.828049846
23213	0.920357521
3119	0.365848046
3772	-0.341768878
6338	-0.77550502
6357	0.730593464
5054	0.795044034
11151	0.359468259
6279	1.293355812
1846	-0.195158419
1514	0.665094565
6515	0.730316763
1292	0.811993018
6344	-0.244162927
7443	0.342426685
9246	0.556524639
50486	0.801463576
2350	0.222006452
10577	-0.087262512
2207	0.788846615
3148	0.375998611
11346	0.045101973
54209	0.174308213
7940	0.354810431
1580	-1.190480915
972	0.242253854
1191	-0.545223693
7130	0.965440236
56833	0.632569152
11000	-0.299445533
51177	0.389621713
7113	-0.661627683
165	0.398826962
8660	-0.412831366
5348	-0.088157803
963	0.499643159
1281	0.550681608
2146	0.334990727
4175	0.500574742
79023	0.25986234
51072	0.114235537
3956	0.760683008
3376	0.172328221
1290	0.852046579
2938	-0.437617725
5730	0.070721331
55890	-0.65649184
7431	0.435788962
7371	0.192953507
27324	-1.938593926
4830	0.167113058
23531	0.744454824
81035	0.169618053
6632	0.221877177
5329	0.610581015
978	0.888332244
4953	-0.186328245
10797	0.365443962
9330	0.13200516
4719	0.061648285
64092	0.790847228
4689	0.316613856
7123	-0.317843437
64866	0.518369774
9254	-1.187439912
4638	0.40307372
5352	0.888311352
10568	-0.511412299
3815	-0.85914812
6897	0.160657539
1601	0.303177947
8634	0.444866964
3115	0.211295092
10926	0.36756105
4893	0.37220572
1278	0.593171934
7791	0.434601233
2267	-0.387424923
23516	0.41809329
7203	-0.076408063
5591	0.115830389
7336	0.17048597
10497	-0.853708213
301	0.849198974
2203	-0.134746725
8544	-0.214468081
23179	-0.035082914
5321	-0.741568113
5284	-0.344261739
7453	0.62949545
1063	0.335292792
224	-0.5972344
6363	0.218102422
9123	0.56882345
57698	-0.286493443
6001	0.632744575
960	0.553427502
5805	0.090465944
10635	0.336994074
9332	0.950047561
50856	0.502275476
10398	0.462368863
397	0.149674055
29127	0.382148014
3678	0.413149163
25903	0.824339745
241	0.518339198
2287	0.060104332
87	0.485658955
6439	-1.464746344
4053	0.108491801
55215	0.268427344
26471	0.0248933
8140	0.175073096
6352	0.882077051
7305	0.507968762
822	0.445972092
6273	1.226103449
8540	0.287616533
54431	0.079991375
1942	-0.586011831
5880	0.478397878
1894	0.413101626
27074	-0.239140962
7345	0.094341783
7097	0.418765383
1832	0.015652905
3122	0.221336074
54517	0.156330006
10875	0.661227137
9535	0.439343688
27299	1.244937752
4061	0.25696935
1301	1.171324893
914	0.403576335
64231	0.529805621
7356	-1.246437051
8630	-0.179589025
991	0.796977243
54997	-1.845055528
1556	-1.04468437
2013	-0.436469311
5047	-0.163992489
10628	-0.136467251
51673	-0.344123384
9111	0.443034228
9631	0.404741822
10059	0.259818654
3796	0.472521329
1646	-0.469205117
4046	0.209113965
8399	-0.677213091
10213	0.199313025
51056	0.582855118
79682	0.730143205
11012	-0.638122508
6996	0.061627218
1436	0.556556603
4688	0.611859934
890	0.602113955
6337	-0.468503659
719	0.507258363
2123	0.749731724
11130	0.394002398
2995	0.152820232
4085	0.633932557
7298	0.679070496
11073	0.325765589
3838	0.239259598
9308	0.022061978
6695	0.732777498
4436	0.350549936
51203	0.284685971
26872	1.04338047
9914	-0.586182856
51026	0.280846238
3576	0.969819629
2633	1.178454284
9770	0.318445858
7171	0.642476355
920	0.299221827
64236	0.407055788
51090	-0.463459226
3430	0.522579998
712	0.624102195
8991	-1.063755463
1513	0.929206282
8520	0.438460447
3627	1.349538551
2330	-0.981865013
1462	0.801306472
7070	0.567013289
7040	0.369523383
1359	0.429420409
2621	0.000173784
4502	0.556786285
24137	0.692854299
3133	0.178159935
3912	0.822210131
9450	0.248332226
4267	0.408526423
4016	0.632376714
2191	1.1971365
5788	0.634677183
5698	0.776960527
3040	-0.475489673
7106	0.04510627
3055	0.758854267
51208	-0.277331346
65985	-0.244268866
51514	0.348752103
9837	0.256661973
55076	0.861866567
60489	0.630767642
8685	0.413920621
390	0.877743216
9945	0.535444648
29940	1.138194689
57535	-0.39761482
79625	-0.581437899
2266	-0.828526591
5984	0.618180596
10112	0.279854388
55854	0.135449971
5564	-0.399207958
9521	0.095357867
51012	-0.023911044
11031	0.535677737
7444	0.385179936
3161	0.304897942
3108	0.137595534
7296	0.207042561
1634	0.519603531
9319	0.456385185
10914	0
29887	0.749790052
11098	0.715461939
25800	0.114085374
79844	-0.631348267
55759	0.145855597
2348	-1.131251398
857	0.460616726
1519	0.189073503
1363	-0.079287437
6351	0.764381432
358	-0.399433946
1050	-0.170804557
2771	0.494157448
5328	1.504146396
4283	1.5685027
2209	0.666896986
730	-0.193709662
6035	-0.341773406
8836	0.517369268
1524	-0.099675226
57509	-0.481979773
5121	-0.460598055
3965	0.2111679
9768	0.155482549
7033	-1.230820452
4312	1.287355645
3231	-0.299990625
1164	0.492097845
3561	0.506247585
1033	0.781515247
9976	0.707308429
11260	0.188577991
2643	0.356269988
3832	0.266614945
11326	0.613711513
240	0.249776359
1591	0.303993253
713	0.79737682
1434	0.142069259
9762	-0.542505898
3001	0.704820186
5217	0.371064285
1428	-0.649281941
11065	0.636152057
5366	0.976882264
2014	0.690782804
10606	0.307727077
3329	0.07779578
5111	0.307567121
10631	1.05404245
3123	0.136465783
6637	0.185595942
54205	0.128402119
202	0.678918933
3575	0.311094481
966	0.21094506
10346	0.162505011
10579	-0.815409538
84617	0.700981971
1277	0.605217458
56938	0.497729518
10140	-0.703327336
23263	-0.501250516
10184	0.532164878
55303	0.547844218
8470	-0.442305339
