entrez_id	centroid
10057	0.136700901
90	0.314054637
221	-0.166547261
84168	-0.337868382
782	0.089504827
822	-1.34257513
10951	-0.313591992
1003	0.766296294
1031	-0.865250641
1113	9.557793125
10519	-0.149576599
7123	1.002418245
80777	0.115984519
1796	-0.348712088
1825	-1.221895849
2237	-1.189595604
8928	-1.054742247
2709	-2.701059767
3231	0.219656948
3249	-0.005841645
8692	-0.255262118
3382	0.95759282
7087	-1.769712205
3642	1.533048577
3655	-0.465930867
3958	0.471869231
3991	-0.204963165
26020	0.25839169
22924	1.88952981
10873	0.643376753
23295	0.293696172
4608	-0.797350287
4647	-1.331616366
4783	-0.670680873
10606	0.362944404
5058	0.156938648
5175	-0.187107026
5286	0.656343383
22874	1.53987658
10213	0.13525805
79966	-0.799248498
2810	-3.144021631
6478	-0.670535725
9892	6.005718699
3925	0.193547498
6928	0.016338818
6950	2.138572966
7020	-3.068033828
7080	-0.5064988
23650	-0.586860758
7846	-0.137497119
