entrez_id	centroid
23028	0.076400968
11013	0.09712756
6434	-0.044650306
56997	-0.261254216
4072	-0.83823614
23020	-0.168633212
752	0.069978838
3002	-0.09389959
55603	0.425587667
2736	-0.085866084
6280	2.287832054
4733	0.027574816
79838	0.114116845
51703	0.097961703
6318	2.37052466
79960	-0.158344841
5791	0.05155313
330	0.014805362
30851	0.574722412
56548	-0.294086246
8829	0.087209069
9616	0.08476693
8626	0.161462613
837	0.111762193
25780	-0.07121386
4332	0.196632904
3298	-0.079130126
2304	-0.065030819
56649	0.407320426
89853	-0.262622358
1969	0.65203435
3684	0.001129699
8508	-0.057816333
5920	-0.212051096
8975	-0.377451043
7851	0.487043551
23048	-0.185308948
1830	0.831044537
2709	0.589470756
64065	0.227325299
7056	0.54209458
50615	0.008533238
4199	-0.425020251
2	-0.06215704
6382	0.419893845
4319	2.926716475
6317	2.207710393
9635	0.63508878
81537	-0.001915728
834	0.063549425
8187	-0.076555427
2040	0.043433738
2030	-0.222215141
55755	-0.539082294
2877	-0.470638403
622	-0.164949964
3872	0.795873632
8893	0.020144325
64116	-0.001440974
9249	0.621567224
2745	-0.0978992
1536	-0.002192109
1739	0.096534213
2178	-0.047208947
5583	0.150491929
64780	-0.153267436
1806	0.180009742
81603	0.166316435
3113	-0.076446296
2999	-0.259423228
9122	-0.01736414
5134	-0.045596046
79096	-0.087884892
1803	0.048396443
6672	0.013284113
3265	0.035677822
7805	0.031188209
8480	-0.004772272
1992	0.663683527
51228	0.136369094
131	-0.068089548
5613	-0.414855027
3157	0.193201281
8869	-0.006443651
6279	1.920827827
1825	0.605963811
3176	-0.009620668
29969	0.020050702
10158	1.249893611
832	0.216625565
7295	-0.4655586
86	-0.17383546
409	0.007517217
23299	0.089767584
6888	-0.339617406
113146	0.859951342
6721	0.15818845
7447	0.149507299
58473	-0.194058611
967	0.098904207
961	0.30158464
716	0.474772398
220	0.905488885
23199	-0.150668174
55619	-0.093761205
10155	0.011287441
4953	-0.609517968
23175	-0.287762059
8073	0.059286275
10152	-0.117215869
9654	-0.08465733
4689	0.032628514
9922	0.041689812
23225	-0.399961739
50650	0.04609963
6478	0.033288883
5584	0.024111317
10195	-0.051645679
3516	-0.045732668
308	0.021124022
50999	0.006537459
2760	0.255418848
10966	-0.158533183
10924	-0.004518231
5803	0.275470322
7286	-0.344863631
8544	-0.427519121
5931	-0.136596834
10312	-0.012206259
5317	0.269889933
4139	-0.009341603
224	-0.363349748
57698	-0.474426895
23650	0.353538911
397	0.001165511
10019	-0.030815852
241	0.315618803
688	0.212155417
10538	0.025666173
9990	0.084637879
58472	0.170829739
7084	0.086237375
8764	0.004911324
3566	0.599856793
10615	-0.343471309
3728	0.40929738
6273	1.131712712
7625	-0.053141149
1475	0.928803854
4711	-0.058432524
6657	-0.803942905
3122	-0.045694834
64759	-0.017326506
1438	-0.012596011
9535	-0.022250109
2707	0.451889327
64231	0.032961576
2810	0.47098098
3601	-0.029875554
1912	0.151624392
7421	0.309636507
53373	-0.003943895
54987	0.039891825
5265	0.237956265
427	-0.125912475
7037	-0.103125108
218	-0.470672473
1397	0.282176472
6535	0.169549193
5268	0.289960713
1952	0.220311854
50814	0.076418733
50512	-0.053002568
53836	0.977194553
7164	-0.040017803
8745	-0.441228025
22916	0.014517919
10610	0.329071711
3576	1.377570589
140465	-0.033551037
22875	-0.147700778
29940	0.509465921
6713	0.256579492
54874	0.086271828
9467	-0.169543673
10057	-0.018827355
55647	-0.046443862
55759	-0.052866977
65108	0.097277604
7247	-0.14889226
3608	-0.117413547
8936	-0.328064859
1119	-0.13631321
8644	-1.182195297
11309	0.034238686
2919	2.196883054
4192	-0.22217952
5307	0.692341991
873	-0.329331751
240	0.043451422
9235	0.151349175
7080	-0.113877488
28978	-0.214428153
29015	0.028606702
9368	0.10401029
10550	0.101234337
9836	-0.005811379
80303	-0.176344848
