entrez_id	centroid
23028	-0.203398079
11013	-0.10747844
6434	-0.345081386
56997	-0.012075851
4072	-0.324654171
23020	-0.265788421
752	0.459318612
3002	0.803442861
55603	0.361575443
2736	-0.172127602
6280	-0.14456169
4733	-0.42931306
79838	1.040234828
51703	0.920562507
6318	-0.840787546
79960	0.236355685
5791	0.668706903
330	0.893012816
30851	0
56548	-0.876547536
8829	0.477623268
9616	-0.518725104
8626	-1.043007867
837	0.390962918
25780	0.820404227
4332	0.87800898
3298	-0.133945605
2304	-1.378870379
56649	-1.735766734
89853	0.058469357
1969	-0.170875785
3684	0.607902727
8508	-0.332539611
5920	0.885505753
8975	-0.124874915
7851	0.28104077
23048	0.408538919
1830	-3.105002444
2709	-1.035538636
64065	-0.940816343
7056	-0.119318639
50615	0.502363244
4199	-0.790201702
2	1.065558774
6382	-0.991484181
4319	-1.000829245
6317	-1.042533769
9635	-2.635697864
81537	0.377793692
834	0.274486187
8187	0.236363734
2040	0.297294813
2030	0.114825847
55755	-0.341980654
2877	-2.168514156
622	-0.531919664
3872	-3.078118412
8893	-0.444234558
64116	0.625589508
9249	-0.095288164
2745	0.768343485
1536	0.826616451
1739	-0.766138575
2178	-0.530658964
5583	0.120722989
64780	0.613859556
1806	0.36751239
81603	0.369747109
3113	0.810652384
2999	1.023547439
9122	0.59948047
5134	-0.251508177
79096	-0.045126542
1803	0.715317948
6672	0.309723655
3265	-0.633118333
7805	0.829081492
8480	-0.409991241
1992	0.392421465
51228	-0.660085421
131	-1.21823406
5613	-0.688944706
3157	-0.630040549
8869	0.807022498
6279	-0.604211908
1825	-2.59208256
3176	0.547017455
29969	0.521630607
10158	0.946121484
832	0.177498718
7295	-0.550427254
86	-0.78836067
409	0.368501391
23299	-0.633426728
6888	-0.413237202
113146	-0.658998771
6721	-0.402269904
7447	-1.382929344
58473	0.316270926
967	0.405171459
961	0.308872327
716	0.417155695
220	0.298947748
23199	0.237377893
55619	0.568700551
10155	-0.251029791
4953	-0.624936482
23175	0.201875393
8073	0.246637406
10152	-0.002073379
9654	-0.041401262
4689	0.632933775
9922	0.444947302
23225	0.163389457
50650	0.517109813
6478	-0.663499877
5584	-0.570507065
10195	-0.521460911
3516	0.299135775
308	0.419985808
50999	0.355483719
2760	0.0801895
10966	-0.888473577
10924	0.709831338
5803	-2.45345652
7286	-0.62996228
8544	-1.507742701
5931	-0.226882716
10312	0.739884288
5317	-1.853790576
4139	-0.739137666
224	-0.374081656
57698	0.058734847
23650	-0.914343919
397	0.834621328
10019	0.519700391
241	0.913178364
688	-1.21059052
10538	0.58362732
9990	-0.181029608
58472	0.250946415
7084	0.31576204
8764	0.646907553
3566	0.402249459
10615	-0.375810058
3728	-0.970690769
6273	-2.283094891
7625	-0.272397986
1475	-1.506841328
4711	-0.577133355
6657	-2.312228837
3122	0.757897192
64759	0.733544473
1438	0.443649227
9535	0.924591736
2707	-0.311401822
64231	0.720189143
2810	-1.278013824
3601	0.497890546
1912	0.353009625
7421	0.37519983
53373	0.355931317
54987	0.196631118
5265	1.408818268
427	0.506051404
7037	-0.788727037
218	-1.521763754
1397	0.681275093
6535	-1.321983095
5268	-0.683001516
1952	-0.566291196
50814	-0.554215842
50512	-0.101922847
53836	-1.18818014
7164	-1.349031044
8745	-1.010970513
22916	-0.640552496
10610	-1.1951347
3576	0.000705264
140465	-0.103401705
22875	0.484158169
29940	0.484898955
6713	-0.706842562
54874	0.224684282
9467	0.555885285
10057	-1.049340911
55647	0.613558809
55759	-0.348823913
65108	0.016436948
7247	-0.291113151
3608	-0.328901975
8936	-0.587133964
1119	0.23567462
8644	-2.384289782
11309	0.670955483
2919	0.255163714
4192	-0.180951995
5307	-1.37481303
873	-0.870193864
240	0.553173559
9235	0.810938365
7080	1.041357088
28978	-0.663253092
29015	0.623948392
9368	-1.081186229
10550	0.717591125
9836	-0.356544354
80303	0.179722833
