entrez_id	centroid
10057	0.684311905
90	-0.002844907
221	-2.879702032
84168	0.290849672
782	0.872578124
822	0.836560369
10951	1.18182535
1003	0.30499724
1031	3.453729726
1113	4.162242573
10519	-0.211324829
7123	-0.479213213
80777	0.319175434
1796	0.598595979
1825	-3.999748196
2237	1.407181954
8928	-2.176500962
2709	-3.49969134
3231	-0.654274747
3249	-0.077380569
8692	-0.211323718
3382	2.027485
7087	-3.252264467
3642	2.876572355
3655	0.704316502
3958	1.300487492
3991	0.678556658
26020	0.050777459
22924	-0.659239024
10873	0.76112456
23295	0.478804284
4608	-1.08129153
4647	0.701741152
4783	-0.214409857
10606	-0.510987292
5058	0.155611499
5175	0.846285055
5286	0.393484481
22874	0.841134685
10213	0.66105913
79966	0.715878904
2810	0.441843831
6478	0.660396356
9892	2.088411646
3925	2.231439328
6928	-1.328975333
6950	3.092935378
7020	-2.585695244
7080	1.749656146
23650	-0.70586437
7846	-3.222793689
