entrez_id	centroid
23028	0.608561886
11013	1.187441873
6434	0.155651093
56997	0.376945969
4072	0.564968824
23020	0.316517473
752	-0.219072441
3002	-0.373994791
55603	-0.049356566
2736	-0.311161478
6280	-1.427439141
4733	0.128437743
79838	-0.115261995
51703	-0.095850302
6318	-1.778505905
79960	0.253830478
5791	-0.398861753
330	-0.544763432
30851	-0.430052048
56548	-0.852343399
8829	-0.124668569
9616	-0.113322523
8626	-0.9460616
837	-0.37499911
25780	-0.137173569
4332	-0.7926199
3298	0.293830854
2304	-1.231762594
56649	-1.389831869
89853	0.187508667
1969	-0.592488771
3684	-0.266208202
8508	0.296065712
5920	-0.452023443
8975	0.640968955
7851	-0.90806531
23048	-0.016889171
1830	-2.969909321
2709	-1.183895682
64065	-0.349612263
7056	-1.276663253
50615	-0.22004769
4199	-0.548000625
2	-0.111656048
6382	-0.764156783
4319	-0.862937789
6317	-1.943405767
9635	-2.498809783
81537	-0.041737633
834	-0.775558867
8187	0.732357157
2040	-0.73799704
2030	0.339410659
55755	0.058721701
2877	-0.874876851
622	0.040379774
3872	-2.149146212
8893	-0.056923612
64116	-0.210602322
9249	-0.176294836
2745	-0.291512324
1536	-0.439018571
1739	0.007399596
2178	-0.108588579
5583	-0.567878684
64780	0.008117338
1806	-0.211571318
81603	-0.026460318
3113	-0.605619742
2999	-0.347141676
9122	-0.032546107
5134	0.347730024
79096	0.550518593
1803	-0.253242313
6672	-0.232092691
3265	0.016970016
7805	-0.49502006
8480	0.398179918
1992	-0.787740737
51228	-0.752677243
131	-1.133517398
5613	0.115541408
3157	0.232336595
8869	-0.127617924
6279	-1.887534961
1825	-1.767176861
3176	-0.20971069
29969	-0.430097493
10158	-1.137164074
832	-0.015213004
7295	-0.307790527
86	0.345227458
409	-0.088080879
23299	-0.623115807
6888	-0.123083774
113146	-1.256380429
6721	-0.022627081
7447	-0.611099653
58473	0.657043719
967	-0.019688001
961	-0.148348273
716	-0.939097988
220	-0.231311735
23199	0.49103199
55619	-0.121820971
10155	0.569402841
4953	0.33767662
23175	0.348336352
8073	0.063376182
10152	0.355634145
9654	0.679556701
4689	-0.327583905
9922	-0.136132375
23225	0.086363709
50650	-0.101140938
6478	-0.116149872
5584	-0.078172114
10195	-0.078319571
3516	0.008406342
308	-0.085478358
50999	-0.094135093
2760	-0.512820906
10966	0.246716035
10924	-0.089538834
5803	-1.244881903
7286	-0.10544526
8544	0.022988517
5931	0.400956356
10312	-0.316791249
5317	-1.259336962
4139	0.044951001
224	-0.32888068
57698	0.22643353
23650	-0.740805553
397	-0.36588402
10019	-0.178686978
241	-0.597390598
688	-0.576527039
10538	-0.279865786
9990	-0.394455141
58472	-0.847120878
7084	-0.10284572
8764	-0.182897943
3566	-0.595069318
10615	0.474881474
3728	-0.601865801
6273	-3.501812049
7625	0.290198531
1475	-1.795332818
4711	-0.00046579
6657	-0.351088527
3122	-0.679807511
64759	-0.133912788
1438	-0.148459139
9535	-0.543964585
2707	-0.67819512
64231	-0.546780131
2810	-1.146782567
3601	-0.220547529
1912	0.15547014
7421	-0.421700922
53373	-0.149318637
54987	0.167638969
5265	-0.682575442
427	-0.271207006
7037	0.018434418
218	-1.101175155
1397	0.171655984
6535	-0.252624944
5268	-0.825228082
1952	-0.02909359
50814	-0.055899116
50512	0.852271753
53836	-2.216576903
7164	-0.122125599
8745	-0.416811444
22916	0.130282295
10610	-1.137781398
3576	-1.252612427
140465	0.539568278
22875	0.23261728
29940	-0.521502484
6713	0.009426272
54874	0.897412822
9467	0.019529793
10057	-0.543993175
55647	-0.049929128
55759	0.40862553
65108	1.015985252
7247	0.387326775
3608	0.389347141
8936	0.260567147
1119	0.513165744
8644	-1.120053853
11309	-0.407843891
2919	-1.086515045
4192	1.001421093
5307	-0.97891356
873	-0.727221294
240	-0.269382725
9235	-0.277785196
7080	-0.358564778
28978	-0.092840728
29015	-0.060703616
9368	-0.793414802
10550	-0.296150249
9836	0.084345395
80303	0.798522467
