entrez_id	centroid
9134	-0.465204545454545
4318	-1.15009090909091
56942	0.0208863636363636
4175	0.190522727272727
1284	0.0788181818181818
92140	-0.189068181818182
10403	-0.179409090909091
10874	-0.703909090909091
57758	0.148022727272727
160897	-0.00968181818181818
2131	0.164318181818182
81624	-0.194613636363636
85453	-1.01302272727273
57211	-0.939931818181818
169714	0.0144318181818182
151126	-0.0299772727272727
51514	-0.0748636363636364
8659	0.882590909090909
79132	0.598613636363636
5019	0.0211136363636364
2781	-0.274318181818182
51377	0.0707954545454545
9055	-0.362181818181818
57593	0.613363636363636
7043	0.548045454545455
91283	0.1475
10455	0.685113636363636
163	0.609363636363636
8833	0.135272727272727
2947	0.485090909090909
55321	-0.13775
79791	0.156704545454545
79888	-0.292886363636364
57110	-0.384477272727273
5984	-0.01525
6515	0.134795454545455
1058	-0.441613636363636
51560	-0.583772727272727
8293	0.0701363636363636
1894	0.0164318181818182
8840	0.63575
11217	0.100568181818182
51203	-0.215386363636364
8476	-0.0172954545454545
58475	0.549863636363636
83879	-1.00611363636364
146760	0.652909090909091
286052	-0.0765
1633	0.108477272727273
3488	-0.414931818181818
8817	0.590454545454545
27113	0.649727272727273
643008	-0.333727272727273
11082	-0.232636363636364
146923	0.60225
10531	0.0402727272727273
23594	-0.354090909090909
55351	0.690181818181818
9833	-0.416818181818182
54583	0.0975
