entrez_id	centroid
2012	1.5324
466	0.4834
387509	1.3306
1440	3.9192
218	1.8916
7805	2.0494
2069	2.349
4155	-0.5456
4313	0.9748
169611	-0.0164
8573	-0.7924
6678	4.974
3669	1.3302
51360	-0.3662
28231	0.6844
5270	0.9902
30014	0.8412
1364	-0.1968
5154	0.6302
1435	-0.0574
2919	0.3578
5920	-0.3684
8743	-0.9218
7739	0.3374
8942	1.0446
834	0.6418
182	0.8104
7852	-0.8146
8226	-0.8214
23002	-0.2752
60489	1.0786
6091	-0.0032
3598	3.4986
4628	-1.1818
4837	-1.5534
4237	1.367
9882	-0.4686
1277	2.9308
3115	-1.3702
10150	-0.14
4312	-0.0158
3397	1.4686
4848	0.6532
4147	-1.9556
4121	0.6076
84612	-0.5896
1438	-0.4726
5743	0.5242
3418	-0.5654
10085	-0.4328
8530	-1.0306
10591	-1.5546
2052	-0.0144
10974	2.0912
2948	-0.8682
2040	0.785
2934	0.2436
725	-2.0356
3371	0.36
81557	1.7072
3113	-0.5544
9201	1.5262
79686	1.394
3123	-0.5536
25797	0.5166
728695	1.089
6659	1.3366
23705	0.4714
8623	-1.5856
6624	1.148
3887	1.0854
2202	-1.8132
9282	-0.379
4052	1.5158
55034	-1.2036
27290	-2.032
9915	-0.9544
4919	-0.769
23250	-0.1608
57214	-0.5892
1291	2.0306
4739	-0.3932
81606	-1.2326
7025	0.1232
2995	2.6874
51129	0.468
5003	1.5262
2115	0.9418
4061	-0.8148
3821	1.7288
5799	4.081
8714	0.344
4803	-1.2488
64663	0.6158
397	0.0744
