entrez_id	centroid
5412	-0.574641666666667
3601	0.904283312
27242	1.05950003258333
10403	0.782225
2131	0.793941666666667
50804	-1.35803333333333
30011	0.99505
7227	-1.01628333333333
5099	0.420945833333333
2152	1.08645
5621	1.0096
7791	0.3975
5696	0.856971666666667
10927	0.0314733333333333
388228	-1.331925
11221	0.6735575
1806	1.39931252233333
317649	-0.322125
10206	0.0887993
84527	0.167641666666667
81539	-0.422875
7378	1.224966663075
56704	-0.831399955083333
7035	1.24966166966667
55742	0.143191666666667
23406	1.32156833333333
857	3.078275
60686	-0.311716666666667
23007	-0.436625
11167	1.48128333333333
1969	1.25936667833333
51747	-0.260958333333333
92482	-0.162316666666667
9411	0.19280831625
1201	-0.4599500355
56994	-0.55927
2150	1.1633
27250	-0.331244200583333
55970	0.795223333333333
55323	1.41640001883333
283987	-1.21611664066667
771	-1.52136666666667
7048	0.278566666666667
5880	1.78165
9120	-0.891818332798333
53827	1.28714333333333
123099	-1.15730497516667
858	1.64234920575
9655	0.593395833333333
57669	-1.161175
2004	0.984825005983333
4651	0.365541666666667
22936	0.815908333333333
801	-0.3846
2181	-0.216183333333333
58513	-0.17465
11118	0.670016666666667
55700	0.718008333333333
55048	-0.725944962083333
7045	2.55780413991667
3437	0.684958333333333
388	-1.29621666666667
1956	0.578091666666667
7031	-0.836338364166667
26064	0.503198157083333
5332	-0.651466666666667
9180	1.11120833333333
10591	-0.137383333333333
23468	-0.0646083333333333
4478	0.712683333333333
10140	-0.977141637583333
10602	1.0351916375
21	-1.47984166666667
10730	-0.191751666666667
55214	1.53644163433333
831	0.363974985916667
115207	1.23940766666667
57475	-0.442016697
4067	0.772366666666667
2013	-0.8243550021
23329	-0.71459168275
6764	0.725683324833333
182	0.916525
5328	1.8014
1289	0.747908298833333
430	-0.732291658533333
4233	0.516000027833333
23171	-1.18983335725
6591	2.66391666666667
118429	2.02576663033333
170954	0.900110583333333
8540	0.871366666666667
51340	-0.820263294333333
57580	-1.68644999486667
7163	-0.746183333333333
83451	-0.975540001108333
5698	1.24124165758333
131566	0.770347506683333
346887	0.97167503325
10166	-0.214479969083333
64208	1.38929166666667
253782	-0.597976666666667
949	-0.127291666666667
10477	0.444825
219285	0.341866666666667
51015	-0.515341629
4137	-0.366786666666667
170302	-0.406175
4837	2.02098333333333
57535	-0.354196984416667
54101	0.717941666666667
1128	-0.0020916815
56882	-0.292040833333333
1534	-0.577345021916667
3628	1.03795253608333
10809	-1.93225002825
3914	1.72198333333333
10265	-1.95687084941667
284119	1.42105834283333
2048	0.424594183166667
800	0.929625
5618	-0.862191666666667
9687	-0.890675015083333
3485	-1.59127503691667
1365	-3.94965836316667
10559	-0.630333333333333
6506	-0.378233333333333
56034	0.666827529
5236	0.58147498075
148327	-1.16284169625
2635	1.20854168033333
3678	0.7197925
84441	1.06958333333333
8644	1.75235001441667
301	1.87090833333333
79611	0.0274133333333333
3382	-1.28839249016667
3428	4.069325
161145	-0.092452495925
9619	-0.8095291795
