entrez_id	centroid
23036	0.00230769230769231
11067	0.648826923076923
10397	0.663846153846154
6513	1.09076923076923
9123	0.917692307692308
2116	-0.744636752153846
5351	0.563162393153846
284439	0.0776923076923077
10144	0.348134615384615
9976	0.577961538461538
667	-0.125139957230769
114907	-0.316538461538462
283131	0.0811538461538462
1808	0.714153846153846
3948	0.348827075730769
10903	0.882817307692308
4940	-0.208042582423077
112399	1.66765
6781	1.25542307692308
8819	0.840769230769231
5169	1.24230769230769
4015	1.37230769230769
901	-0.211756257615385
3486	1.62769230769231
56477	0.287307692307692
57561	0.796076923076923
6531	1.54981578138462
665	0.563730769230769
5209	0.565961538461539
857	0.710769230769231
6659	-0.172692307692308
133	0.978461538461538
123	1.20846153846154
675	0.304409493269231
54487	0.992051282038461
54940	0.759284188038462
8846	0.625
5033	0.624615384615385
5054	0.742307692307692
54775	0.815769230769231
6038	0.8853
5214	0.771153846153846
64344	0.616057692307692
219539	0.479893162384615
1962	0.943829059846154
2026	1.17838247865385
51534	-0.108269230769231
26118	-0.115857692307692
30849	0.868846153846154
284162	0.227174145307692
54541	0.796076923076923
79660	0.640692307692308
3123	0.669461538461538
285598	0.157357905923077
144195	0.838846153846154
79365	1.0635042735
8614	1.13942307692308
283666	0.590072649576923
257407	-0.0925769230769231
27245	0.292362637384615
1152	-0.926923076923077
54206	1.23023076923077
59339	0.356153846153846
55076	1.106991453
2256	0.613894230769231
6515	1.02961538461538
285973	0.394589743576923
30001	0.125292307692308
54801	1.41961538461538
25830	-0.314468711846154
204851	-0.1073707265
10570	-0.189450549423077
51129	2.24825769230769
8506	0.292307692307692
7852	1.13623076923077
64231	1.28021367523077
5352	0.778076923076923
5230	0.275042735038462
3708	-0.180714285730769
5129	1.15855769230769
1466	0.531153846153846
