entrez_id	centroid
23028	-0.082855779
11013	-0.218526751
6434	0.193638875
56997	0.102955838
4072	0.447360516
23020	0.076184475
752	-0.176408751
3002	-0.282199437
55603	-0.454231729
2736	0.574330301
6280	-0.280011309
4733	0.14556443
79838	-0.303361413
51703	-0.346730863
6318	-0.015827345
79960	-0.182825473
5791	-0.268224475
330	-0.338642922
30851	-0.084980221
56548	1.409630502
8829	-0.162359368
9616	0.389448173
8626	0.776519968
837	-0.15631065
25780	-0.204139556
4332	-0.43215625
3298	0.060404389
2304	1.672503262
56649	0.558555867
89853	0.037789502
1969	-0.058689177
3684	-0.160568131
8508	0.189136206
5920	-0.165226724
8975	0.085190535
7851	-0.032182002
23048	-0.103185433
1830	0.858858232
2709	0.261313991
64065	0.445028923
7056	0.125670986
50615	-0.149996349
4199	1.360707205
2	-0.267359483
6382	0.337130145
4319	-0.649345787
6317	0.096075154
9635	0.628531131
81537	-0.2344683
834	-0.187048139
8187	-0.254182294
2040	-0.065057102
2030	-0.009680796
55755	1.071554283
2877	1.66252468
622	0.55073166
3872	0.647096912
8893	0.264786457
64116	-0.18837403
9249	-0.151678416
2745	-0.308960057
1536	-0.182677255
1739	0.436210705
2178	0.330066123
5583	-0.07219889
64780	-0.25052131
1806	-0.202972599
81603	-0.242295254
3113	-0.352854501
2999	-0.194702353
9122	-0.151896216
5134	0.059671945
79096	-0.038883675
1803	-0.113888746
6672	-0.14966122
3265	0.293761848
7805	-0.228276644
8480	0.103950351
1992	-0.198140225
51228	0.549524536
131	2.315890847
5613	0.845920314
3157	0.171694838
8869	-0.126845444
6279	-0.293719165
1825	0.837287695
3176	-0.194625905
29969	-0.20084399
10158	-0.697695047
832	-0.216407152
7295	0.791913391
86	0.405125193
409	-0.193461655
23299	0.642743618
6888	0.859424705
113146	0.073034723
6721	0.231541934
7447	0.815791272
58473	-0.176956626
967	-0.269766902
961	-0.379099518
716	-0.137886244
220	-0.485903209
23199	-0.155785388
55619	-0.13779075
10155	0.021241738
4953	1.201147141
23175	0.014027629
8073	-0.296905388
10152	-0.00131433
9654	-0.089301659
4689	-0.275567599
9922	-0.20139837
23225	0.081747346
50650	-0.312032405
6478	0.503266364
5584	0.351811347
10195	0.3881344
3516	-0.1791572
308	-0.231515811
50999	-0.221930222
2760	-0.039540213
10966	0.471962899
10924	-0.324506342
5803	1.023021644
7286	0.87485504
8544	0.929481703
5931	0.191892889
10312	-0.337902735
5317	1.170059978
4139	0.347201584
224	0.739183219
57698	0.156759019
23650	0.409712791
397	-0.408151567
10019	-0.169656152
241	-0.45598497
688	0.676217616
10538	-0.29703312
9990	0.312836314
58472	-0.0213135
7084	-0.134217919
8764	-0.275068724
3566	-0.426509385
10615	0.215468397
3728	0.343149489
6273	0.225915489
7625	0.070537654
1475	0.71525463
4711	0.474319732
6657	1.150730666
3122	-0.410020032
64759	-0.477782169
1438	-0.112707622
9535	-0.224947496
2707	0.110686888
64231	-0.211005698
2810	0.325520677
3601	-0.156349207
1912	-0.327945667
7421	-0.259442798
53373	-0.119839958
54987	-0.254811606
5265	-0.452360698
427	-0.174843751
7037	0.608087985
218	2.802964487
1397	-0.522277122
6535	0.497840711
5268	0.487188478
1952	0.110213913
50814	0.241081666
50512	-0.019997451
53836	0.273034472
7164	0.520128015
8745	1.61931148
22916	0.317179396
10610	0.524092211
3576	-0.330810185
140465	-0.139754682
22875	-0.276021954
29940	-0.462035759
6713	0.146488844
54874	-0.416062354
9467	-0.192799186
10057	0.718137785
55647	-0.183517594
55759	0.058835281
65108	-0.306554812
7247	0.106425151
3608	0.16697422
8936	0.662851406
1119	-0.150268678
8644	2.279638423
11309	-0.155587812
2919	-0.413074987
4192	-0.019797375
5307	0.511873981
873	1.571308049
240	-0.250615812
9235	-0.395876887
7080	-0.111491913
28978	0.575173391
29015	-0.308830215
9368	0.752814633
10550	-0.376717761
9836	0.280655366
80303	-0.172601504
