entrez_id	centroid
2012	-0.139125
466	-0.30575
387509	-1.12425
1440	-0.262875
218	-0.906
7805	-0.449375
2069	-0.51
4155	0.60575
4313	-0.702375
169611	0.329875
8573	0.710375
6678	-1.34125
3669	-0.12125
51360	0.32625
28231	-0.771375
5270	-0.75825
30014	-1.8575
1364	0.315375
5154	-0.54575
1435	0.119125
2919	-0.66875
5920	0.858375
8743	0.07175
7739	-0.1645
8942	-1.34075
834	-1.368875
182	-0.76375
7852	2.5595
8226	0.729375
23002	0.778625
60489	-0.485375
6091	-2.297
3598	-0.60575
4628	0.517125
4837	0.830625
4237	-0.76925
9882	0.594125
1277	-0.704125
3115	0.31175
10150	0.066125
4312	-2.135625
3397	-0.423375
4848	-0.454625
4147	0.873125
4121	-0.9975
84612	1.126375
1438	0.691625
5743	-1.1305
3418	0.42075
10085	0.149625
8530	0.924375
10591	0.220875
2052	0.281125
10974	-1.141875
2948	0.524125
2040	-0.668625
2934	-0.197625
725	0.66675
3371	-1.211375
81557	-1.4745
3113	0.836875
9201	-0.754125
79686	-0.360625
3123	0.417
25797	-0.679
728695	-0.604875
6659	-1.257
23705	-0.392375
8623	0.583625
6624	-0.99375
3887	-1.85275
2202	0.3065
9282	0.75525
4052	-0.926375
55034	0.235875
27290	0.221875
9915	0.65675
4919	0.366125
23250	-0.384125
57214	1.582875
1291	-1.32975
4739	0.76625
81606	0.54275
7025	-1.422125
2995	-0.324375
51129	-0.836625
5003	-0.5095
2115	-0.3725
4061	0.311875
3821	-1.294125
5799	-0.109125
8714	1.22425
4803	0.47725
64663	-1.207
397	-1.11925
