entrez_id	centroid
23036	-0.00444444444444444
11067	-0.975444444444444
10397	-0.960555555555555
6513	-1.641
9123	-1.32611111111111
2116	1.10709876544444
5351	-0.8575
284439	-0.183086419777778
10144	-0.629316666666667
9976	-0.950533333333333
667	0.145621913611111
114907	0.457222222222222
283131	-0.116111111111111
1808	-1.05722222222222
3948	-0.366175044055556
10903	-1.14222222222222
4940	0.250370370388889
112399	-2.99885555555556
6781	-1.97634920638889
8819	-1.21277777777778
5169	-2.60142857138889
4015	-2.16077777777778
901	0.148587962944444
3486	-2.35055555555556
56477	-0.415
57561	-1.20766666666667
6531	-2.29113999122222
665	-0.782460317444444
5209	-0.772222222222222
857	-1.02666666666667
6659	0.215416666666667
133	-1.41444444444444
123	-1.79928888888889
675	-0.1529761905
54487	-1.36277777777778
54940	-1.44659259255556
8846	-0.902222222222222
5033	-1.01409523811111
5054	-1.07055555555556
54775	-1.17944444444444
6038	-1.25277777777778
5214	-1.11444444444444
64344	-0.82
219539	-0.757291666666667
1962	-1.10722222222222
2026	-1.58534722222222
51534	0.161666666666667
26118	0.196111111111111
30849	-1.25611111111111
284162	-0.412682098777778
54541	-1.11777777777778
79660	-0.933111111111111
3123	-0.929444444444445
285598	-0.439064814833333
144195	-1.46319753088889
79365	-1.74013580244444
8614	-1.82006666666667
283666	-0.74
257407	0.0654243827222222
27245	-0.416805555555556
1152	1.33777777777778
54206	-1.82314197533333
59339	-0.539629629611111
55076	-1.55975308644444
2256	-1.24229607583333
6515	-1.48722222222222
285973	-0.430575617277778
30001	-0.249027777777778
54801	-2.14817460316667
25830	0.424066358111111
204851	0.117652777777778
10570	0.208333333333333
51129	-3.19912777777778
8506	-0.430555555555556
7852	-1.70667222222222
64231	-2.4475
5352	-1.12333333333333
5230	-0.372777777777778
3708	0.273333333333333
5129	-1.60555555555556
1466	-0.76375
