entrez_id	centroid
701	-0.658453621
983	-0.699117415
9787	-0.491586477
92086	0.685747464
10135	-0.523776396
29923	-0.432362997
55355	-0.540432686
55332	0.59969725
79170	0.52362956
51557	-0.47063267
3128	0.416579513
54440	0.26188991
7257	-0.231713937
128872	-0.188942572
55197	-0.319305474
54845	-0.266505348
25849	0.389297443
3620	-0.115462436
55638	0.178109551
26010	-0.10127925
3783	-0.092772616
722	0.857249079
6236	0.680050118
4818	-0.077133712
55872	-0.434503373
3002	-0.309769126
6440	1.709784491
5901	-0.497830218
83442	0.099896942
7412	-0.277114593
341	0.411501824
8857	0.736861069
2277	0.785306742
79838	0.476800349
6624	-0.176694966
2065	0.144740568
3015	-0.480278699
11113	0.447596765
3336	-0.451809468
6059	-0.353031807
259266	-0.822571753
54	0.278565118
9404	0.217434726
22797	-0.03378223
911	0.456126938
3394	0.266638692
837	-0.128764964
1474	0.17750884
3371	0.143382142
825	0.48959342
4320	-0.105008197
64581	0.11745515
6362	-0.028428124
664	-0.423137248
2327	0.73095032
55165	-0.689129827
5909	0.706850108
1512	0.99414417
10752	-0.2505013
23022	0.011616043
8406	0.393305691
2532	0.554681237
4332	0.146921712
1675	0.755612887
3170	0.585271091
7153	-0.987734165
29842	0.038163749
29789	-0.4161184
51002	-0.528075002
929	0.021626843
951	0.4277229
9935	0.05027074
4321	-0.940875044
7272	-0.32340534
7103	0.161167891
3684	0.36349059
5920	0.215435113
50515	-0.160793376
3071	0.1920136
4128	0.226173916
29088	-0.466067374
6999	-0.237178579
9833	-0.737010586
23327	0.091865008
54892	-0.514210469
5225	1.511504074
3034	-0.124462613
5552	-0.056487874
3149	-0.468088482
1001	-0.003852452
7525	-0.518507185
9133	-0.57127454
2316	0.149620068
3131	0.506737044
8639	0.482458941
28977	-0.522090052
1118	0.616295133
5118	-0.006180904
55636	-0.288104792
11222	-0.429487891
11010	0.037157668
1289	-0.435088728
51297	-0.251483548
2	0.606847626
23560	-0.350728012
26053	0.569132086
4316	0.358936966
6241	-1.237663454
7803	-0.264504363
597	-0.076715126
26973	-0.33511073
6039	0.28398484
1293	-0.157309916
54504	0.225711021
55013	-0.08016526
360	0.539319516
51296	0.213747646
2305	-0.595234354
891	-1.023216799
1318	0.043541035
962	0.286069643
355	0.065247364
22974	-0.761175506
834	0.080615102
6441	1.089120677
5214	-0.609535207
56521	-0.362884468
21	0.795255501
171546	-0.532394989
2877	-0.042583476
6355	-0.165894277
10484	-0.379222959
1043	0.470904567
11343	0.399893701
1755	0.780255603
9447	-0.245224294
5836	-0.436225113
11197	0.61239449
6812	0.305578628
131578	-0.17263659
481	0.026326229
1536	0.154316482
4239	0.880476772
6286	-1.327433965
4318	-0.257023865
9353	0.417248562
9735	-0.351744998
81929	-0.452486045
6347	0.079447656
3937	0.053028297
27286	-0.159841656
6596	-0.490209607
9928	-0.377782957
26354	-0.548536274
2730	-0.429017121
79098	1.061764541
51338	-0.007042693
23603	-0.196177085
10516	0.428552584
2705	0.491167555
53827	0.256442445
28998	-0.576798925
1806	0.210714667
80736	0.298978821
2162	0.231223021
4005	0.202092856
3113	0.403068722
7433	0.426390677
3109	0.431613043
6890	-0.153821503
2212	0.080746051
51330	0.138407056
9689	-0.452680404
23492	0.4491219
25907	-0.285267887
6591	-0.193201457
221395	1.161361774
4256	0.709431346
9055	-1.061865773
3613	-0.153902839
10128	-0.394750752
60492	-0.301906239
7045	-0.053305415
25878	-0.461750621
4585	-0.645698228
22795	-0.276713105
7805	0.165635835
7058	-0.409314993
5376	0.197019744
55214	0.760625603
1163	-0.552877442
4501	-0.225567634
55312	-0.228959898
3689	0.354674651
4050	0.404198167
3428	-0.141308555
3936	0.172601641
710	0.128752295
2634	-0.096651017
27338	-0.691618188
125	1.040607138
26585	-1.177484295
7177	0.541101829
6690	0.876208517
23234	-0.464102111
1306	-0.521358541
23213	-0.800012743
3119	0.634558891
3772	0.873462975
6338	0.619395
6357	0.212354104
5054	-0.225467983
11151	0.234487241
6279	-0.390193588
1846	-0.553391565
1514	-0.270541093
6515	-0.107446834
1292	-0.042548671
6344	0.636707706
7443	-0.314973757
9246	-0.01549948
50486	0.040932355
2350	0.298123904
10577	0.385376241
2207	0.049094827
3148	-0.651947405
11346	0.431385307
54209	0.442393286
7940	0.286977854
1580	2.124792444
972	0.403541567
1191	0.64860887
7130	-0.405283917
56833	-0.021863318
11000	0.527759933
51177	0.021542288
7113	0.74884364
165	0.164424286
8660	-0.245526067
5348	0.501300208
963	0.116808621
1281	-0.60587686
2146	-0.353301902
4175	-0.69055726
79023	-0.387617672
51072	-0.350790252
3956	-0.097323546
3376	-0.393382901
1290	-0.769095658
2938	0.505334074
5730	0.679674887
55890	0.229595512
7431	0.273612282
7371	-0.6833526
27324	0.429715181
4830	-0.494185528
23531	-0.373672673
81035	0.532390333
6632	-0.485003722
5329	-0.218024989
978	-0.093437479
4953	-0.388620377
10797	-0.838036462
9330	-0.396991595
4719	-0.443569909
64092	-0.166422884
4689	0.239842586
7123	0.604155376
64866	-0.089388385
9254	1.143993751
4638	0.265590302
5352	-1.010948238
10568	0.660979163
3815	-0.149805532
6897	-0.5325375
1601	0.3812113
8634	-0.578386255
3115	0.481763379
10926	-0.313756723
4893	-0.4622236
1278	-0.429933637
7791	0.053783834
2267	-0.076168319
23516	-0.585181179
7203	-0.360055672
5591	-0.509805915
7336	-0.401306963
10497	0.22368885
301	0.077374626
2203	0.524699978
8544	-0.110566388
23179	0.425121107
5321	-0.453215223
5284	0.74486167
7453	-0.241895975
1063	-0.399546775
224	0.089930756
6363	0.724687778
9123	-0.3552071
57698	-0.270113317
6001	-0.026918654
960	0.214430906
5805	-0.41291708
10635	-0.357366648
9332	-0.053971282
50856	0.027829973
10398	0.179252546
397	0.280344982
29127	-0.700576447
3678	-0.048040684
25903	-0.276612982
241	0.159634477
2287	-0.412146091
87	-0.098652198
6439	0.423401175
4053	0.639664999
55215	-0.349156154
26471	0.318122903
8140	-0.648235639
6352	0.015016441
7305	0.392186878
822	0.195203417
6273	-0.185102114
8540	-0.361591381
54431	-0.450674488
1942	0.115168148
5880	0.17304814
1894	-0.760729818
27074	0.668698409
7345	-0.374898002
7097	0.383482176
1832	-0.910640225
3122	0.42133039
54517	-0.472537693
10875	0.08219189
9535	0.174304522
27299	-0.245257086
4061	0.264080428
1301	-1.42069994
914	0.142288052
64231	0.10588184
7356	2.709663507
8630	1.157857898
991	-0.954278674
54997	0.12537988
1556	0.82001843
2013	0.501177719
5047	-0.088848452
10628	0.416227525
51673	0.699112568
9111	-0.20037642
9631	-0.417933247
10059	-0.397662463
3796	-0.399855886
1646	-0.121268662
4046	0.245238761
8399	0.499332125
10213	-0.596190477
51056	-0.076131177
79682	-0.766155922
11012	0.256329969
6996	-0.380757176
1436	0.200632969
4688	0.147425658
890	-0.368314695
6337	-0.112189879
719	0.090536996
2123	0.106863414
11130	-0.825380874
2995	0.22537233
4085	-0.663274465
7298	-0.662028888
11073	-0.429121957
3838	-0.60001017
9308	0.32649976
6695	-0.229261444
4436	-0.473898138
51203	-0.571938033
26872	-0.687073177
9914	0.25062543
51026	-0.553188055
3576	-0.481910413
2633	-0.430495348
9770	0.303113488
7171	-0.168312508
920	0.251194605
64236	0.252902267
51090	0.750131962
3430	0.035348073
712	0.10640971
8991	0.831179509
1513	-0.10857013
8520	-0.604765998
3627	-0.447674888
2330	0.380043863
1462	-0.812664078
7070	-0.150122575
7040	0.187547077
1359	0.774134891
2621	0.28274601
4502	-0.090506636
24137	-0.733949327
3133	0.19027694
3912	-0.257987192
9450	0.449135697
4267	-0.109362585
4016	0.07633547
2191	-0.342851135
5788	0.019564697
5698	-0.05164739
3040	0.614908983
7106	0.388112169
3055	0.260694639
51208	0.650509621
65985	-0.31196698
51514	-0.638726498
9837	-0.622106216
55076	-0.454896165
60489	0.033970371
8685	0.552964575
390	-0.267736768
9945	-0.110110091
29940	-0.116893829
57535	0.109886996
79625	0.837455608
2266	-1.291641849
5984	-0.565663582
10112	-0.448893869
55854	-0.371195482
5564	0.138431637
9521	-0.459977943
51012	-0.349554751
11031	-0.093515472
7444	-0.354436202
3161	-0.284140393
3108	0.563297283
7296	-0.524091299
1634	0.20580132
9319	-0.59932248
10914	-0.258277391
29887	-0.093213764
11098	-0.201238937
25800	-0.465260254
79844	0.28916554
55759	-0.441562968
2348	1.070846396
857	0.364779864
1519	0.361772806
1363	-0.39732025
6351	-0.02303877
358	1.053831389
1050	0.717667118
2771	0.127732105
5328	-0.316802488
4283	-0.187726328
2209	0.079735636
730	0.984778399
6035	0.966521707
8836	-0.695659076
1524	0.45723988
57509	-0.026645032
5121	-0.073393188
3965	0.2597009
9768	-0.436586969
7033	0.188889032
4312	-1.519613512
3231	1.030372282
1164	-0.927162769
3561	0.239444433
1033	-0.711188603
9976	-0.117336822
11260	-0.584947366
2643	-0.727424003
3832	-0.35888535
11326	0.187627243
240	0.269945335
1591	-0.504436822
713	0.09950368
1434	-0.364201924
9762	0.087566086
3001	-0.135849275
5217	-0.893786482
1428	0.765209809
11065	-0.897599365
5366	-0.548796975
2014	0.15740031
10606	-0.637747896
3329	-0.424820678
5111	-0.568482913
10631	-0.755579248
3123	0.389651978
6637	-0.424910783
54205	-0.420117891
202	0.107946251
3575	0.345988557
966	0.357075912
10346	0.446926985
10579	0.012369854
84617	-0.157853944
1277	-0.469923677
56938	-0.208581827
10140	0.184303956
23263	0.028434395
10184	-0.058277727
55303	0.164023037
8470	0.1611756
