entrez_id	centroid
10057	0.284980166
90	-0.133130534
221	0.827098029
84168	-0.100026522
782	-0.75883852
822	-0.021835225
10951	-0.277648855
1003	-0.916643716
1031	-0.750179899
1113	-7.44979256
10519	0.061412653
7123	-0.668651633
80777	-0.239380091
1796	-0.286176163
1825	4.453533985
2237	0.192448032
8928	1.86758359
2709	4.001327388
3231	0.504309837
3249	-0.539106421
8692	-0.008007312
3382	-2.174247589
7087	2.89691121
3642	-1.97496537
3655	0.549780585
3958	-0.945352119
3991	-0.221624257
26020	-0.404210083
22924	-0.549670424
10873	-1.581183028
23295	-0.688540402
4608	1.143447529
4647	0.048888602
4783	0.662346387
10606	0.390373811
5058	0.067790404
5175	-0.695733894
5286	-0.662945461
22874	-1.980226586
10213	-0.284723371
79966	0.560431532
2810	2.344985321
6478	0.432377558
9892	-2.544174099
3925	-1.017481034
6928	-0.655561339
6950	-2.305979671
7020	3.628447631
7080	-1.7079242
23650	2.948181071
7846	1.589025792
