entrez_id	centroid
84836	-0.55744
8607	0.7162
1854	0.55324
5718	0.63116
169611	-0.71408
10613	0.84804
222865	1.20876
9260	0.55532
4035	-0.61168
5216	0.64948
6876	1.13932
4209	-0.90172
91351	-0.36216
26292	0.52276
11010	0.97148
22925	-0.66648
6611	0.85252
8836	0.89164
317649	-0.43264
2217	-0.93276
27258	0.66148
50484	-0.57396
55631	0.48084
10957	-1.48348
5329	0.87964
79902	1.03076
10213	0.632
70	0.60068
55270	0.70868
8555	-0.64556
5902	0.64044
4060	-1.76628
27244	-1.00028
2224	-0.33024
28985	0.54952
27113	-1.63528
9276	0.97452
1497	-0.56504
728661	-0.9186
55701	-0.62368
4597	-0.99968
6182	0.69968
28957	0.71156
1028	-1.68604
131566	0.85986
55651	0.6178
25804	0.7252
23646	-0.55104
79469	0.83352
1017	1.90704
219844	1.19128
7372	1.07704
23710	-0.76284
3151	0.85022
348094	-0.89196
56647	0.64424
55062	-0.65372
51728	1.22564
55839	1.3225
220134	2.167
56675	1.1676
55055	1.27884
27020	0.71584
7170	0.9574
3554	-0.74932
1915	-0.96492
5364	-0.57864
3422	-0.37172
54800	-0.63052
201562	0.75188
7371	0.73848
56902	0.64512
92482	-1.59388
7167	0.60364
3177	-1.0314
376497	-1.27956
9521	0.90852
113791	-0.83916
7586	-0.48996
6307	-0.53652
3575	1.43372
4331	0.36304
9860	-0.71616
51279	-0.75008
219654	-0.69116
9688	1.14348
90861	0.86848
5427	1.29476
5865	0.89316
5708	1.39644
80232	-0.78416
22948	1.01912
9601	0.5262
256302	-1.40296
2115	-0.8166
83648	1.02728
348235	0.84376
25816	-0.6826
51478	-0.5926
55752	-0.3732
292	0.61268
3818	-0.57628
94239	-1.08788
84131	1.20936
26118	-0.6464
1808	-0.64736
6713	-0.54492
56926	0.60496
7127	-0.86008
6382	0.78928
55902	-0.38964
2193	0.6332
84266	0.59076
2047	1.427
51330	1.04534
10193	0.45108
84319	0.74944
1593	-0.8452
55769	-0.58024
10404	-0.85492
7980	0.66932
643866	-0.757
138050	-0.52584
1111	1.262
4504	0.4218
10539	0.55956
9235	-0.69952
604	-0.77506
51534	0.63932
10826	-1.26948
6840	-0.98048
29796	0.74908
57523	-1.00456
10969	0.7532
23234	1.03688
3992	-1.0434
79135	0.68104
84058	0.50512
1601	-0.45368
51696	-0.66776
6993	0.63026
2791	0.22468
5164	-0.49112
2934	-1.2072
23065	0.54804
7430	1.0678
10592	0.95092
7965	0.47382
9818	0.9042
10014	-0.82308
535	-0.416
3398	0.82984
22919	0.79952
4478	0.74184
6427	0.62036
5447	-0.61172
9159	0.66
6627	0.82036
51491	0.91
9881	-1.1246
3949	-0.35804
6439	-0.78948
2628	-0.81384
4494	0.54248
2013	0.37064
3476	-0.69648
84886	-0.9195
1649	-0.28152
8991	-0.80332
6480	-0.35128
79974	-0.2842
22841	-0.40052
55276	0.7528
4830	0.718
10534	0.7228
4047	-0.74514
25840	-0.65132
9442	0.46916
23529	0.43144
9415	-1.14198
7169	0.70532
54625	-1.28748
5805	0.65052
8313	-0.8332
120	-0.73304
4233	1.12452
4603	1.56328
92609	0.68188
11340	0.76124
1026	-0.85128
1185	-0.77116
2152	1.1128
3638	-0.90222
6626	0.60896
2159	-0.62892
10799	0.60404
11142	-1.02672
387103	1.385
4017	1.20824
201254	1.0804
4240	-0.75668
4605	1.60524
389	0.59648
3988	-0.77344
51310	-0.3026
6632	0.70524
8722	-1.2772
153222	-1.59884
56942	1.05964
285362	-0.40564
94134	-0.44568
3037	1.49492
158471	-0.4536
1841	1.19004
10346	-0.78924
51253	0.57216
57486	0.6764
23024	-0.84996
25960	-0.74628
56940	-1.24764
84823	1.07512
27235	1.0108
100129034	-0.4804
51192	0.88128
54206	-0.75904
4637	0.66272
819	-0.33712
6648	-1.90196
64858	1.38028
55038	1.21128
2170	-1.49052
23558	-1.09724
84795	-0.57948
3572	-0.87352
4500	0.49656
2946	-0.83572
5985	0.95572
7709	-0.43436
4121	-0.88608
54205	1.1414
675	1.13592
492311	-0.69412
3146	0.87312
629	-1.3932
1663	1.13764
50650	-0.47704
3655	1.28976
5214	1.36724
10980	0.60708
4601	-1.46276
115106	1.0564
6590	-0.40956
51002	0.8984
8202	-0.73092
22846	-0.83416
6628	0.83148
5702	0.84246
5983	1.97332
11067	-0.3254
79901	-0.87098
55775	0.9634
79443	-0.8894
55835	1.2242
114882	-0.30724
165215	-0.424
79682	1.91428
351	-0.52176
4155	-0.6556
10535	1.8436
57552	1.31288
54998	-0.59588
8741	-0.44084
55706	1.58532
8195	0.63388
84162	-0.47356
5411	0.39056
1325	0.8206
84897	-0.58992
86	0.84736
7866	0.64196
84680	-1.2618
55186	-0.64084
2181	-0.6836
10465	0.77088
79158	-0.50752
64750	0.92524
1978	0.4992
5352	0.8738
5920	-1.57396
23479	-0.87212
7283	1.07272
10452	0.96328
6631	0.6058
7029	-0.81144
6635	0.43128
182	-0.8826
57122	1.04614
1981	0.59028
64397	-0.57648
6675	1.02604
51566	-0.66176
4172	1.06172
2744	0.000119999999999986
64968	-0.28364
3015	1.90148
3182	1.14072
23451	-0.72768
8861	-0.31016
3815	-0.73668
2023	0.86814
84159	-0.73756
55268	-1.02788
1831	-0.6394
387921	-0.67152
26471	-1.24828
2822	1.78892
150726	1.49016
58472	-0.40942
7277	1.0714
1193	-0.76552
5340	1.99312
11313	0.62884
29952	-0.52476
23603	0.91984
5688	0.53188
5036	1.16924
2318	1.15268
285590	-0.85104
51088	-0.29784
896	1.1174
9236	-0.71204
8848	-0.72988
6184	0.43268
347	-0.56348
283	-0.92748
53838	0.5544
51465	0.43884
10765	-0.41972
93081	1.34552
51444	0.58816
26147	0.67744
23175	-0.71956
83990	1.6914
83719	-1.07632
10491	-0.4837
1954	-0.55032
6566	0.3856
6723	0.61988
7077	-0.68124
64343	-0.77896
51668	0.81132
4176	1.5048
1633	1.03712
1719	1.28536
79007	0.55196
94241	-1.9918
29902	0.63624
6625	-1.0892
8674	-0.61288
57488	-0.32552
27316	0.47224
10056	0.97032
80851	0.696
3399	2.42224
83667	-0.55372
51128	0.41284
2171	1.31032
100133188	-1.19168
4522	0.8418
2107	0.7316
728641	1.66564
51313	-1.00036
3732	-0.64996
1471	-0.51464
9863	-0.67344
55646	1.14068
79987	-1.33968
10951	0.69632
84798	1.00204
81847	-0.58768
5980	-0.56132
10301	0.69684
134218	-0.59268
4179	-0.50136
23253	-0.48424
57326	-0.64248
55110	0.801
51317	-0.51072
30061	-1.1966
54799	-0.66344
22985	-0.57464
26207	0.5564
6167	-0.60752
55337	-0.8976
10063	1.02536
51154	1.17176
51021	0.5388
1759	-0.94152
6434	0.7976
1326	0.69544
51726	0.70432
8506	-0.39308
284018	-0.5914
79711	0.67844
710	-1.35128
79172	1.19016
129401	1.0786
92856	0.72332
4521	0.90404
3157	-1.10872
54838	-0.36468
6747	0.83276
10076	-0.91172
84250	1.15044
55972	0.73156
10169	-0.58904
2550	-0.74612
11169	1.27156
10236	0.802
115294	-0.83904
11333	0.63996
56898	-0.75128
2530	-0.4908
57213	0.47952
89874	0.58812
79807	1.222
112574	-0.42492
200162	0.88428
57674	-0.4728
57658	-1.10028
10606	1.35
