entrez_id	centroid
25816	0.355
9452	0.368796610169492
8564	-0.0650169491525424
1847	-0.168542372881356
5920	0.0557796610169492
54829	-0.76164406779661
51561	-0.346796610169492
347	-0.435084745762712
1280	-0.195881355932203
8190	-0.702796610169492
1043	0.633186440677966
5654	-0.653101694915254
5698	0.19135593220339
5730	0.316491525423729
8743	0.0930169491525424
3002	0.601101694915254
6373	0.737338983050847
10563	1.09516949152542
6279	0.217576271186441
3620	0.991898305084746
6422	-0.810203389830508
6352	0.497338983050847
8942	0.00459322033898305
9517	-0.468135593220339
64108	0.102203389830508
2296	-0.747338983050847
3868	-0.906372881355932
