entrez_id	centroid
2	-0.629591439688716
26154	0.0893852140077821
3983	0.0925252918287938
641371	-0.13836186770428
84830	0.0943852140077821
84803	-0.0464669260700389
9447	-0.0682568093385214
220	0.59647859922179
247	1.34547081712062
288	0.0328560311284047
375248	0.0796303501945525
339416	-0.174575875486381
306	0.304992217898833
653145	-0.0246186770428016
10053	0.117490272373541
9582	-0.131307392996109
8542	-0.0694824902723735
9938	-0.149501945525292
23779	0.138416342412451
641522	-0.0675914396887159
419	0.0158210116731518
9048	0.0192023346303502
286554	-0.0923579766536965
624	0.118311284046693
633	1.0786186770428
638	0.602058365758755
274	-0.16884046692607
684	-1.25940077821012
11067	0.183105058365759
10974	-0.198420233463035
55337	0.19972373540856
79098	0.645019455252918
717	-0.233801556420233
719	-0.447136186770428
760	1.29619844357977
768	0.375178988326848
57863	-0.00821011673151751
816	0.400859922178988
834	-0.557513618677043
80212	0.312875486381323
6352	-1.00698832684825
894	0.301591439688716
1230	-0.274225680933852
999	-0.917824902723735
1009	1.066953307393
1000	0.818124513618677
1001	0.485377431906615
1026	-0.0332140077821012
1031	-0.124887159533074
1040	0.351455252918288
634	-0.103622568093385
1952	0.767933852140078
629	0.405937743190662
3426	0.0175136186770428
1117	0.0221011673151751
1123	0.0540311284046693
548596	-0.0362568093385214
1159	0.0221828793774319
9076	1.01155642023346
1191	-0.0427470817120623
1308	1.28152140077821
1278	1.39277431906615
1281	1.34436964980545
1290	1.48094552529183
51226	0.586132295719844
11151	-0.172568093385214
90993	-0.0476926070038911
1410	0.457517509727626
64651	0.199976653696498
1474	0.918848249027237
1490	0.0718715953307393
1491	-0.0176264591439689
1513	0.521498054474708
1515	-0.298891050583658
1525	-0.186587548638132
3627	-1.22353307392996
6373	-0.0173229571984436
58191	-0.141828793774319
79901	0.475132295719844
1594	0.246591439688716
57834	0.274801556420233
1634	0.211198443579767
780	-0.174665369649805
4921	0.445221789883268
23586	-0.0433813229571984
79132	0.0907081712062257
10395	0.697206225680934
1746	-0.0550544747081712
11080	-0.110003891050584
5611	-0.115525291828794
1805	0.314571984435798
1824	-0.0478015564202335
1830	0.560727626459144
667	0.131894941634241
11221	0.266661478599222
1847	0.109284046692607
1875	-0.149540856031128
1893	1.086
1958	-0.416494163424124
22936	-0.106902723735409
79767	0.122836575875486
55068	0.0879649805447471
5168	-0.347926070038911
54566	-0.110354085603113
4072	-0.22224513618677
2041	-0.0329143968871595
94240	-0.741268482490272
79956	0.346661478599222
54206	0.0222101167315175
54845	0.199295719844358
80004	-0.0839494163424124
23086	0.436221789883268
50848	-0.221949416342412
9415	0.150575875486381
26049	-0.098136186770428
84141	0.510560311284047
54757	0.0281867704280156
54855	-0.487972762645914
2191	1.24070817120623
2196	0.254470817120623
2192	0.66063813229572
10516	0.524887159533074
2200	0.636805447470817
84824	0.492249027237354
10979	0.48124513618677
9982	-0.0142373540856031
2263	-0.0903696498054475
2261	0.105439688715953
10875	-0.997182879377432
11259	0.280003891050584
79584	0.0687976653696498
10468	1.09809727626459
11167	0.855844357976654
7976	0.487782101167315
2633	-0.715871595330739
115361	-0.657342412451362
115362	-0.476610894941634
2669	0.245272373540856
2707	-0.0610505836575875
27165	0.0632490272373541
84656	0.31175486381323
2774	-0.0356225680933852
92344	-0.0365330739299611
166647	-0.0216459143968872
26585	0.383731517509728
79977	0.380688715953307
3037	-0.0288326848249027
1839	-0.139622568093385
85236	-0.378408560311284
8370	0.256603112840467
3115	-0.225346303501946
3122	-0.660416342412451
51361	0.251832684824903
9956	0.196027237354086
441051	-0.0462490272373541
3303	-0.401976653696498
3620	-0.418054474708171
3429	-0.151311284046693
10437	-0.572996108949416
3430	-0.161801556420233
3433	-0.34431906614786
8519	0.0516070038910506
3485	-0.898256809338521
3486	0.1604046692607
3487	0.937077821011673
3606	0.0989105058365759
3553	-0.106610894941634
3557	0.12575486381323
3566	0.19688326848249
3664	0.0773813229571984
50805	0.799377431906615
3691	0.176875486381323
3714	0.14791439688716
3728	0.450334630350195
25959	0.601688715953307
3775	0.417015564202335
9674	0.522731517509728
3805	-0.15020233463035
5655	0.0471945525291829
25818	0.881163424124514
5650	0.379642023346303
11202	-0.0584007782101167
3861	1.32229182879377
3866	1.45424124513619
3868	0.380167315175097
3872	0.79420233463035
3875	0.0843424124513619
3852	1.16943968871595
3854	0.984272373540856
3887	1.60893774319066
3898	0.00577042801556421
55214	0.409260700389105
3963	0.527015564202335
3965	0.0133735408560311
654346	0.000867704280155642
29995	0.742669260700389
146336	-0.0423385214007782
84171	0.251466926070039
55791	-0.0631556420233463
4036	1.42417898832685
55227	0.129552529182879
55073	-0.103392996108949
51599	0.0920038910505837
4052	-0.0779961089494163
79083	0.389003891050584
4311	0.0825214007782101
4312	0.332712062256809
4326	-0.0303385214007782
4313	0.62220233463035
117196	-0.149828793774319
4486	0.276291828793774
4084	-0.266182879377432
10398	0.620007782101167
4642	0.563346303501945
55930	0.368210116731517
4671	-0.0735252918287938
10397	-0.345350194552529
10529	0.0252684824902724
23327	0.448949416342412
4741	-0.0393346303501945
4811	0.631778210116732
10874	0.279027237354086
7025	1.39063813229572
9315	0.783003891050584
8829	0.291424124513619
54830	-0.00163424124513618
8638	-0.0657003891050584
64859	-0.218774319066148
4950	-0.047136186770428
56944	0.718879377431907
5027	-0.413089494163424
55872	-0.361591439688716
64881	0.187817120622568
5118	1.25430739299611
5126	-0.0343852140077821
56034	0.0329027237354086
5157	0.885015564202335
64065	-0.218334630350195
51050	0.904143968871595
5266	0.698645914396887
8503	-0.0189766536964981
7941	-0.480237354085603
55857	-0.0824747081712062
1263	0.097852140077821
5357	0.0301712062256809
5376	0.321280155642023
10622	-0.116311284046693
10631	1.18370038910506
8613	-0.00960311284046692
8493	-0.246443579766537
152926	-0.270003891050584
85441	-0.0778715953307393
5583	0.0378365758754864
51334	0.307097276264591
553158	-0.084011673151751
79056	-0.055556420233463
5396	0.512669260700389
5652	0.373642023346304
5732	-0.00755252918287937
5764	0.618645914396887
5774	0.165284046692607
5806	-0.0944513618677043
25945	0.291482490272374
57111	0.271408560311284
11069	0.354735408560311
5920	0.0412529182879378
25780	-0.197821011673152
342931	-0.0772645914396887
23179	-0.231447470817121
5999	0.294268482490272
79651	-0.171859922178988
29984	0.288455252918288
6019	0.160657587548638
6035	-0.844544747081712
79589	0.0817704280155642
4919	0.208614785992218
6195	-0.0167743190661479
91543	-0.12463813229572
51750	-0.0494980544747082
64108	-0.372198443579767
57402	-0.255334630350195
6278	1.80710894941634
6279	1.22717120622568
6288	0.110996108949416
6289	-0.0382879377431907
619383	-0.362529182879377
51097	0.163229571984436
6402	0.0946031128404669
9037	0.4644046692607
1992	-0.180315175097276
5055	0.0605097276264591
29950	0.110412451361868
83667	0.069307392996109
10045	0.0389533073929961
6563	0.0556848249027237
51296	-0.332455252918288
56606	-0.0574902723735409
386757	0.0243151750972763
6535	0.092284046692607
6590	0.375381322957198
27293	-0.0678171206225681
6622	0.00337354085603113
85389	-0.174536964980545
85391	-0.0210389105058366
29887	-0.760439688715953
57405	-0.213252918287938
10653	0.145291828793774
6695	1.32305058365759
6696	0.0783190661478599
6698	0.209712062256809
6699	-0.0820505836575876
5552	-1.2947859922179
6768	0.0104824902723735
6769	0.0205291828793774
55620	0.0361634241245136
90627	0.307474708171206
6773	0.23263813229572
6781	0.54836186770428
9262	-0.211793774319066
6850	0.0229727626459144
81493	0.213599221789883
8871	0.141871595330739
6876	0.470801556420233
414059	0.368571984435798
6926	0.243237354085603
7018	0.496867704280156
7041	0.411416342412451
7056	0.0259805447470817
7070	1.28084435797665
7098	-0.0634241245136187
51284	-0.335050583657588
55281	-0.384875486381323
23670	0.356377431906615
161291	0.469027237354086
55287	0.0780622568093385
28983	-0.0733073929961089
56649	0.0281828793774319
7130	0.220953307392996
8771	0.0984902723735409
8743	0.0751322957198444
10673	-0.754750972762646
64759	0.382517509727626
7161	-0.0392918287937743
7168	0.692501945525292
9697	0.27220233463035
23650	0.277151750972763
7220	0.367867704280156
10194	0.0434863813229572
10103	0.324392996108949
64061	0.0707470817120623
7267	0.279377431906615
7846	-0.154875486381323
7345	0.184217898832685
7358	0.598128404669261
81622	-0.0716225680933852
7412	-0.396684824902724
7431	0.109910505836576
7447	0.282501945525292
22911	-0.163785992217899
7474	1.13806225680934
23286	-0.00223735408560311
7498	0.42172373540856
64131	-0.0536575875486381
79413	-0.101926070038911
253461	0.0279416342412451
219654	1.01973929961089
6935	0.143700389105058
7718	-0.242443579766537
7757	-0.0456887159533074
84622	0.0338249027237354
