entrez_id	centroid
3983	-0.0443490190627451
5169	0.225874473427451
8510	0.122743137254902
2281	0.126150980511765
11337	0.197261764705882
1265	0.320656862745098
89122	0.259909803921569
55101	0.111015862807059
8576	0.0384509803921569
4094	0.0231450980392157
54838	0.205564706084314
10399	0.232510960784314
56977	0.241624117637627
25794	0.185057646883529
6228	0.165717646888627
5728	0.252248156862745
145781	0.11781690197698
27122	0.258439215811569
83700	0.235617646688235
5159	0.261582549019608
80031	0.735729607843137
26123	0.143229157327451
11257	0.139096862745098
140459	0.295218918380392
7284	0.360111137254902
1186	0.187013921568627
8848	0.18857058847451
10540	0.217001764705882
1848	0.269429411764706
10206	0.0856705881707843
5797	0.276833333333333
2331	0.561041754078431
1311	0.529321374588235
221981	0.271850588228431
374868	0.205415490423529
84942	0.157590196009412
23613	0.25340392167902
1889	0.334754901991569
4629	0.635956862745098
5094	0.105994117105882
4038	0.230817137254902
6302	0.232468039215686
50861	0.418850568648824
400924	0.16322431372549
3705	0.172592156862745
9252	0.245258823529412
10975	0.119531372493137
54531	0.0127205490888235
2767	0.158040333333333
51028	-0.0128843137254902
2043	0.187236701529412
23111	0.0789725490196078
79628	0.0248725490196078
51773	0.175115686142745
5612	-0.0180568628798039
1207	0.0205235294042745
6426	-0.0808941176470588
64844	-0.00259843137254902
10589	-0.0998117645468627
27238	-0.0509566666666667
79894	-0.0917544705882353
4259	-0.0851376470182353
643224	-0.218081568627451
10383	-0.124798039215686
6596	-0.170207843698039
4291	-0.208039215835882
54625	-0.170235294117647
5359	-0.292511764705882
151636	-0.0368743529607843
219285	-0.319643137254902
6772	-0.489086469735294
79132	-0.0292237256829412
5052	-0.274933333361765
27316	-0.13741372597451
10606	-0.309501960784314
79572	-0.15796862745098
26973	-0.174737254364706
151188	-0.112137254901961
57380	-0.167823529411765
54503	-0.293849725684314
64789	-0.144672019809804
7444	-0.0517196078431373
5718	-0.239721568980392
3796	-0.178205882107843
3066	-0.314864705796471
29105	-0.257458570194118
6434	-0.176476470588235
64793	-0.2253390386
7159	-0.344201960784314
54845	-0.593305882352941
7372	-0.200592720080392
11222	-0.251555313745686
5111	-0.345178431372549
126731	-0.23318362745098
3608	-0.284129411764706
6632	-0.204601960784314
11169	-0.312841176227451
84955	-0.415758098039216
8833	-0.406396078682353
5984	-0.38516862675098
29028	-0.580500001960784
157313	-0.75905631372549
9493	-0.8830431361
3838	-0.483615686098627
891	-0.577103137790196
387103	-0.797380078431373
3925	-0.482576470031373
6790	-0.802958823529412
1062	-1.12348685521569
81610	-1.03650196078431
24137	-0.972028823529412
9787	-1.07632
699	-1.09977627637843
9133	-1.0434568627451
9928	-0.836443949882353
9232	-0.85163137254902
1010	-0.848112745098039
4751	-0.626205882076471
3833	-0.9460943134
11004	-0.988853158411765
1164	-0.630762745098039
9833	-0.781560784313725
6941	-0.516196078431372
4175	-0.434362745098039
1503	-0.318472549019608
6732	-0.347514901960784
55248	-0.536137098039216
4172	-0.236341176470588
8208	-0.372619019607843
9582	-0.319605882352941
8317	-0.49128431372549
151246	-0.37556666644902
11073	-0.131813725754902
87178	-0.300632333333333
10440	-0.233435294083137
23279	-0.131663254901961
2618	-0.22696505992549
10541	-0.229987843137255
205564	-0.233287647058824
51642	-0.261734313494118
9392	-0.343827844192157
219988	-0.288705882076471
10963	-0.359816470588235
25852	-0.151447058767255
2999	-0.251920352803922
8532	-0.324696078431373
6619	-0.299878431372549
92342	-0.208994307843137
55827	-0.0957411766686274
3192	-0.175135293860784
7936	-0.137608038980392
5870	-0.165266666443137
54906	-0.00973529432745098
6612	-0.0950529412335294
5889	-0.201941176715686
54534	-0.172100333333333
9044	-0.0269313722215686
10951	-0.100996078431373
9037	-0.0560372549019608
330	-0.298588235294118
5873	-0.199321568627451
5290	-0.0625471568627451
60313	-0.0499172156879745
9897	0.00880980392156863
10972	0.116296078432308
3416	-0.136739215686275
10121	-0.0345098038252941
8450	0.0218333333333333
29979	-0.381023528937255
6397	-0.135152940266667
1979	0.0495862740705882
8681	-0.0563411764329412
200734	0.123103921333333
54014	0.0483333333333333
11329	0.0405549021960784
