entrez_id	centroid
2	0.3067
26154	-0.21744
3983	0.05394
641371	-0.72998
84830	0.8234
84803	0.72224
9447	0.56866
220	1.15674
247	-0.22236
288	-0.04464
375248	0.14012
339416	-0.12004
306	1.19606
653145	0.35748
10053	-0.6159
9582	2.26438
8542	-0.1068
9938	0.02288
23779	-0.03938
641522	-0.0035
419	5.2938
9048	0.13814
286554	-0.05576
624	-0.18294
633	-0.02988
638	-1.29906
274	0.30684
684	-1.94192
11067	1.3367
10974	-4.88826
55337	-0.0806
79098	1.92938
717	0.45128
719	0.01184
760	0.82046
768	2.63696
57863	0.0066
816	-0.31776
834	0.12128
80212	0.06416
6352	1.12422
894	-0.13574
1230	0.33328
999	-0.46284
1009	-0.69694
1000	1.07852
1001	4.09406
1026	-0.42922
1031	-0.05916
1040	-0.77798
634	0.68236
1952	-0.50446
629	-4.10826
3426	0.0665
1117	2.27548
1123	0.1458
548596	-0.32056
1159	-0.14664
9076	2.6524
1191	-0.0356
1308	0.18698
1278	-0.84892
1281	-1.09964
1290	-0.94094
51226	-0.47564
11151	0.49604
90993	-0.09872
1410	5.47206
64651	-0.71324
1474	0.43368
1490	0.58912
1491	-0.0334
1513	-1.18974
1515	3.4841
1525	1.90908
3627	2.87876
6373	0.57386
58191	1.80038
79901	-2.5124
1594	0.68134
57834	-0.25466
1634	-1.5392
780	-0.19266
4921	0.16734
23586	0.32432
79132	-0.92434
10395	-0.56692
1746	-0.08674
11080	0.1406
5611	0.25594
1805	-1.2377
1824	4.14618
1830	2.96642
667	0.16394
11221	-0.30818
1847	-2.2219
1875	1.69902
1893	-0.9943
1958	-0.33218
22936	-0.48432
79767	-0.41982
55068	-0.11384
5168	0.20932
54566	-0.15208
4072	0.87134
2041	0.36294
94240	1.03984
79956	-0.52592
54206	1.7573
54845	1.11162
80004	-0.0197
23086	0.28852
50848	0.28948
9415	0.74762
26049	-0.1043
84141	1.64898
54757	0.49
54855	-2.37656
2191	-0.82954
2196	0.91834
2192	-0.3381
10516	0.72166
2200	-0.5966
84824	0.67466
10979	-0.20114
9982	2.85354
2263	0.14282
2261	-0.88988
10875	0.10838
11259	-0.2898
79584	0.50192
10468	-0.45052
11167	-0.15632
7976	0.4393
2633	2.26926
115361	0.99692
115362	1.67826
2669	-0.00322
2707	0.69718
27165	-0.308
84656	-0.74634
2774	0.03878
92344	0.42366
166647	0.08344
26585	0.00998
79977	0.12438
3037	0.00442
1839	0.83418
85236	0.1797
8370	-0.26742
3115	0.22456
3122	0.03312
51361	-0.1305
9956	-0.00108000000000001
441051	0.00306
3303	-0.32824
3620	2.27314
3429	0.196
10437	0.54654
3430	-1.05594
3433	0.39352
8519	-0.67768
3485	-2.04304
3486	0.96154
3487	-2.62382
3606	-0.01718
3553	0.94656
3557	0.38056
3566	-0.13388
3664	0.8951
50805	2.08102
3691	0.779
3714	0.26028
3728	0.04504
25959	-0.6596
3775	1.01136
9674	-1.41526
3805	0.21142
5655	0.77348
25818	4.72166
5650	2.35216
11202	0.75468
3861	3.74624
3866	4.0309
3868	5.07192
3872	5.29104
3875	-0.5999
3852	5.53248
3854	8.41574
3887	4.9
3898	0.63992
55214	1.56748
3963	1.0727
3965	0.1715
654346	0.1111
29995	-0.75164
146336	-0.10346
84171	2.84822
55791	0.02258
4036	-0.89198
55227	-0.08702
55073	0.07262
51599	0.4389
4052	0.0011
79083	-8.51362
4311	0.05212
4312	1.1569
4326	-0.00054
4313	-0.25506
117196	-0.09544
4486	-0.54646
4084	0.44354
10398	0.26108
4642	-0.41824
55930	-1.90136
4671	-0.09982
10397	2.41576
10529	-0.29936
23327	-0.96682
4741	-0.07572
4811	0.14196
10874	2.80026
7025	-0.97866
9315	-0.02538
8829	0.1
54830	-0.29932
8638	0.67964
64859	0.7151
4950	-0.0589
56944	-1.24826
5027	-0.15278
55872	1.40064
64881	-0.14278
5118	-0.54842
5126	-0.05596
56034	-0.2703
5157	-1.1747
64065	1.70248
51050	0.95436
5266	3.98052
8503	0.01776
7941	2.03638
55857	-0.12996
1263	-0.02936
5357	-0.16796
5376	-0.9347
10622	0.12346
10631	-1.15104
8613	0.03894
8493	0.30234
152926	-0.1006
85441	0.16692
5583	-0.72954
51334	0.27868
553158	-0.0399
79056	-0.10364
5396	-0.0533
5652	-0.4529
5732	0.16366
5764	-1.30566
5774	0.03578
5806	0.07468
25945	0.18742
57111	-0.18046
11069	-0.1455
5920	-3.3555
25780	0.68004
342931	-0.00604
23179	0.3773
5999	-0.31592
79651	0.8418
29984	-0.5328
6019	-0.26446
6035	0.70954
79589	0.06632
4919	1.12356
6195	-0.05916
91543	0.85808
51750	-0.17004
64108	1.01002
57402	-0.75626
6278	1.4922
6279	3.6983
6288	1.04388
6289	0.16016
619383	0.01618
51097	-1.44722
6402	0.46622
9037	-0.24622
1992	-0.72426
5055	0.70488
29950	-0.90238
83667	-0.04862
10045	-0.04668
6563	-0.08376
51296	-0.11582
56606	0.1073
386757	0.66918
6535	0.62966
6590	4.2157
27293	0.96014
6622	-0.04052
85389	0.799
85391	-0.0485
29887	-0.00486
57405	0.5484
10653	-0.20608
6695	-1.05764
6696	2.31696
6698	0.58168
6699	0.23224
5552	0.55562
6768	1.50458
6769	0.87096
55620	0.39554
90627	-0.4434
6773	-0.25666
6781	-0.87566
9262	0.26002
6850	0.65642
81493	-1.49878
8871	0.35492
6876	0.2628
414059	-0.35088
6926	-1.02834
7018	3.05812
7041	-0.21814
7056	-0.11318
7070	-0.59786
7098	-0.23054
51284	-0.20152
55281	-0.56522
23670	-0.2158
161291	-1.68826
55287	0.36904
28983	-0.06394
56649	0.01316
7130	-0.0051
8771	0.13076
8743	-1.42898
10673	1.14284
64759	-0.11108
7161	-0.08356
7168	-0.12632
9697	-0.07618
23650	1.57312
7220	-0.1553
10194	-0.65288
10103	-2.39104
64061	-0.2473
7267	-0.16462
7846	1.05072
7345	2.75994
7358	-2.11698
81622	0.17524
7412	0.64408
7431	0.86426
7447	1.23346
22911	0.01106
7474	-0.62402
23286	-0.26938
7498	0.86054
64131	-0.00772
79413	0.42488
253461	-0.10274
219654	-1.75338
6935	-0.24152
7718	0.57138
7757	0.02614
84622	-0.0257
