entrez_id	centroid
57508	-0.279928571428571
90326	-0.115071428571429
55857	-0.492857142857143
200523	0.102
146434	0.113928571428571
57405	-0.535
644267	-0.480714285714286
26548	0.264785714285714
58487	-0.185
9493	-0.182857142857143
6636	-0.15
6635	-0.445714285714286
116211	0.150428571428571
9258	0.0353571428571429
257000	0.425714285714286
89882	0.241285714285714
8365	-0.334357142857143
65125	0.206
9456	0.174285714285714
7572	-0.252857142857143
79861	-0.318214285714286
64710	-0.361428571428571
3557	0.436428571428571
9662	-0.211428571428571
7471	0.0506428571428571
2617	0.259285714285714
23020	-0.385714285714286
51258	-0.572142857142857
3035	-0.105
8727	-0.755714285714286
55810	-0.245714285714286
1421	0.142714285714286
4259	-0.32
4835	-0.345714285714286
7832	-0.26
10038	-0.279285714285714
55089	0.175857142857143
7156	0.184285714285714
84229	0.039
54733	0.441142857142857
9129	-0.212857142857143
79774	-0.275
318	-0.302857142857143
10151	-0.386428571428571
51129	0.631428571428571
6773	0.214
6117	-0.305
10401	-0.257142857142857
80022	0.322857142857143
5889	-0.24
8361	-0.337
648164	-0.42175
6827	-0.226428571428571
5932	-0.184285714285714
51659	-0.371428571428571
84669	-0.287285714285714
3248	0.378571428571429
55506	0.241428571428571
27347	-0.49
55798	-0.153571428571429
2139	-0.105642857142857
