entrez_id	centroid
3983	-0.217793548387097
5169	-0.37986867383871
8510	-0.160835483870968
2281	-0.148606451612903
11337	-0.215607612903226
1265	-0.288038709677419
89122	-0.32138064516129
55101	-0.307514580645161
8576	-0.239191290322581
4094	-0.324154838709677
54838	-0.231174193548387
10399	-0.41070161287
56977	-0.394258064516129
25794	-0.353240935483871
6228	-0.433125806451613
5728	-0.569086580645161
145781	-0.312834451612903
27122	-0.776977419354839
83700	-0.618367741935484
5159	-0.839677741935484
80031	-0.633564516129032
26123	-0.297462580645161
11257	-0.446235161104194
140459	-0.680819677419355
7284	-1.35558561290323
1186	-0.438635483870968
8848	-0.4925
10540	-0.501784193586129
1848	-0.689748386325806
10206	-0.440348387096774
5797	-0.706448386920645
2331	-0.752594767741935
1311	-0.965505806451613
221981	-0.227997096774194
374868	-0.307674741935484
84942	-0.391926161290323
23613	-0.508690322580645
1889	-0.573206451612903
4629	-0.937209677419355
5094	-0.291058064516129
4038	-0.136129838709677
6302	-0.337521612903226
50861	-0.510461935483871
400924	-0.175473323296774
3705	-0.254396774193548
9252	-0.357051613123226
10975	-0.168564516129032
54531	-0.122277387096774
2767	-0.228284666677419
51028	-0.114458064572258
2043	-0.403226161154516
23111	-0.24388064516129
79628	-0.0867580641483871
51773	0.140441935483871
5612	0.368041935483871
1207	0.401125806451613
6426	0.123058064325484
64844	0.185296451235484
10589	0.0998387096774194
27238	0.163614193548387
79894	0.255006129060936
4259	0.482007419354839
643224	0.249693936206452
10383	0.150925807083871
6596	0.360851612903226
4291	0.47561935483871
54625	0.272816127119355
5359	0.632264516129032
151636	0.202776322580645
219285	0.357383872254839
6772	0.649635806451613
79132	0.139902258064516
5052	0.356545161290323
27316	0.16348064516129
10606	0.395164517174194
79572	0.398295064516129
26973	0.531861290322581
151188	0.477787097606452
57380	0.375706452064516
54503	0.495219161290323
64789	0.532761870967742
7444	0.544554838900323
5718	0.572822580645161
3796	0.415316129032258
3066	0.611388064516129
29105	0.425574155903226
6434	0.224783870967742
64793	0.486650493548387
7159	0.62079354865
54845	0.562638709621936
7372	0.368937419354839
11222	0.369106612903226
5111	0.603064517370968
126731	0.593652903225806
3608	0.683764516129032
6632	0.580170967932581
11169	0.583948387096774
84955	0.826811290298968
8833	0.620693548387097
5984	0.665296774193548
29028	1.04254193548387
157313	0.985728064516129
9493	0.720641935483871
3838	0.997403225806452
891	0.734162580645161
387103	1.37263064529032
3925	1.28793225806452
6790	0.940409677419355
1062	0.818012903225806
81610	1.20307741935484
24137	0.927936129032258
9787	1.09713935483871
699	1.08166774193548
9133	1.08835806451613
9928	1.05659032258065
9232	1.04653548081935
1010	1.01737419354839
4751	0.973687096774194
3833	0.821916129032258
11004	1.23578709677419
1164	0.861551612903226
9833	0.621367741935484
6941	0.991041933812903
4175	0.666306451612903
1503	0.915683870967742
6732	0.784646129032258
55248	0.619185806451613
4172	0.713854840248387
8208	0.896854516129032
9582	0.874483872106452
8317	0.891698387096774
151246	0.620693548387097
11073	0.389377419354839
87178	0.669334193967742
10440	0.466035483870968
23279	0.580346290322581
2618	0.736923935483871
10541	0.4475488
205564	0.550642258064516
51642	0.806754774193548
9392	0.577237419354839
219988	0.348996774193548
10963	0.347121935483871
25852	0.252483870967742
2999	0.527948064548387
8532	0.265877419354839
6619	0.341948387096774
92342	0.258582903225806
55827	0.179158064516129
3192	0.173425806451613
7936	0.285278709677419
5870	0.365270967741935
54906	0.551048387096774
6612	0.407261290322581
5889	0.362941935483871
54534	0.225807741935484
9044	0.279803225806452
10951	0.473254838709677
9037	-0.304129032191935
330	0.54870645147129
5873	0.206387095922581
5290	0.177403990322581
60313	0.0888390322580645
9897	-0.00576129032258064
10972	-0.0826129032258065
3416	0.00378709699354839
10121	-0.0104548387096774
8450	0.0412870967741935
29979	0.353825806451613
6397	0.371125806451613
1979	0.0397258064516129
8681	-0.0474903225806452
200734	-0.452358064516129
54014	0.079064516107871
11329	0.105906451612903
