entrez_id	centroid
57180	0.0099810704381048
54443	-0.57924571615828
573	0.758221161127353
596	0.287487439627067
332	-0.881434366334594
644	0.0420420167875037
891	-0.491662113750233
898	-0.430291227412725
991	-0.469044010265104
990	-0.61282430546711
83540	-0.712520818851019
1001	-0.513649344383634
1063	-0.54374023405061
55165	-0.746721735125358
51523	0.467411570831134
1956	0.00916296285683097
2064	0.608191264034737
2099	2.16141188167927
9156	-0.567474505364458
2264	0.17081192451271
3169	1.0174574205457
2296	-0.174957960004945
26996	0.685489972807875
2886	0.0415689860888212
11004	-0.505394668119272
10403	-0.58822098932071
3861	0.36837594328672
3872	0.0142098620606827
3852	0.21532006797396
4137	0.700622717588887
4193	0.14195743045339
9833	-0.58208810796246
8190	-0.165258584299697
4288	-0.501871622444359
79083	0.339304417889105
4320	-0.00625509011475386
4605	-0.84356993132705
4609	-0.090830821420967
9	2.92278679191125
23594	-0.352220666898442
5241	0.445785002691586
26227	-0.398682233972277
9232	-0.634468270258443
6241	-0.950760200359295
6422	0.131566363888596
25800	2.06145907498356
120224	0.446242044594737
7298	-0.644602075052837
11065	-0.519818399226962
29089	-0.539259390713988
