entrez_id	centroid
12	0.634045868
113	0.347428619
135	-0.008425536
153	-1.702506372
199	0.564300223
203	0.512535251
215	0.870783277
218	-1.305940782
222	-0.731338104
225	-0.795900766
239	-1.671018329
240	0.273938633
242	-1.808690095
272	-0.173917535
284	-0.43901108
311	1.151804163
313	0.215441303
330	0.447142733
355	-0.059487079
356	-0.476010363
382	1.138464109
395	-0.756704673
397	1.010602544
399	0.044947214
419	-1.044029454
427	1.532124051
430	-1.133789534
490	0.760186092
526	1.486775892
527	1.38855237
535	1.138780561
567	2.274079439
571	0.699043782
586	-0.002078399
608	-0.60347673
638	-1.229789617
639	0.02403073
640	-0.580506251
643	-0.350810567
695	0.245971152
710	1.262187352
712	1.509776913
713	1.569714241
714	1.502926218
718	0.866866305
719	0.089269764
720	0.634609785
730	-0.201827816
752	0.7429557
816	-1.229737956
822	0.991575047
825	1.049186678
843	-0.090377424
863	-0.606507348
864	0.852569678
871	1.472458042
912	-0.75842424
914	0.547261331
915	0.228192495
916	0.710535438
917	-0.29143197
919	0.113786611
920	1.11573509
921	0.236108038
922	-1.362857961
923	0.331428375
924	0.351178693
925	0.668822035
926	0.120449963
930	-0.342612062
931	0.092722892
939	0.484538984
940	-0.143629613
941	-0.701664122
942	0.311649953
943	-0.904732385
944	-0.541293934
945	-0.496104027
949	1.187557194
951	0.680781915
952	0.087446957
958	0.103318651
959	-0.780231301
962	0.521025171
963	0.926959039
969	-0.203549454
971	0.169332471
972	2.611480616
973	0.511347712
975	1.898944013
999	0.707955022
1001	0.567883275
1017	1.323218724
1041	-1.254379787
1043	0.563513501
1050	0.059630526
1186	1.486350048
1193	-0.152112328
1209	1.318136072
1230	0.083938271
1233	-0.871000618
1234	0.34214232
1235	-0.541358235
1236	0.101742952
1237	-1.24360541
1240	0.215299263
1244	-0.162904122
1269	-1.257497656
1298	-0.28995696
1299	0.208059463
1308	-1.165582424
1363	0.136474932
1378	-0.145433412
1380	-0.288392717
1404	-1.203906287
1435	0.449292845
1436	0.646647078
1439	0.405613839
1462	0.866628953
1474	-1.681723859
1476	1.348099013
1509	2.137937929
1512	1.06237307
1515	-0.553462403
1520	1.276464494
1521	0.158609562
1536	0.959706183
1540	0.621935773
1545	0.001258994
1612	0.758291969
1613	0.700757944
1672	-1.816715842
1731	0.298353076
1742	0.123516536
1745	-0.48345998
1746	-1.224919258
1747	-1.513283491
1770	-0.9887737
1776	-1.197953917
1794	0.720874837
1806	0.051966217
1825	-1.264054304
1836	0.855928995
1845	1.117855401
1880	-0.341703833
1902	-0.290019347
1944	-0.389547967
1999	-1.522668237
2015	-1.212617161
2021	-0.091791766
2037	0.804643793
2041	-1.194577503
2042	-0.357206601
2049	0.237675304
2123	-0.031148318
2124	0.604428259
2125	-1.104225941
2185	0.647821726
2196	-0.564929477
2208	-0.711734099
2209	-0.323935663
2210	-0.3500701
2212	0.829936346
2214	1.08179649
2239	-0.065189998
2247	-0.207779647
2252	-0.487634009
2261	-0.84041474
2273	0.181230521
2289	0.624754273
2313	0.378100051
2315	1.26295959
2321	0.427347486
2322	-0.941594687
2346	-0.591230433
2359	0.132872667
2495	2.19682956
2498	0.324377987
2524	-1.172010964
2529	-1.212339107
2533	0.776668753
2596	-1.298254383
2625	-0.667241672
2633	1.145380873
2634	0.834235246
2643	0.213088823
2650	-0.243897037
2651	0.484033969
2668	-1.355101256
2681	-0.366285947
2707	-1.500148208
2709	-1.808570476
2760	1.236295992
2766	0.665982448
2774	-0.56540409
2793	-0.647695657
2810	-0.930613135
2829	-1.427689198
2833	0.111379361
2841	-0.55177906
2846	-1.7742256
2857	-0.525937837
2877	-1.883196578
2886	-1.773475666
2889	1.10044169
2893	-1.704018124
2997	0.947030292
2999	-0.232562445
3001	0.174543663
3002	0.139502104
3003	0.245326783
3034	-1.88517769
3055	0.520421051
3059	0.917648134
3071	0.742627751
3075	0.565896514
3082	-0.907672179
3101	-0.335409676
3105	2.220238137
3109	1.050387615
3111	0.899160368
3112	-0.16059513
3113	1.798235511
3115	1.592111085
3116	-1.006165038
3117	1.250677279
3118	0.634438064
3120	-0.425980612
3122	2.122910992
3133	1.982777816
3134	1.268796958
3135	-0.189749851
3136	1.156165613
3163	0.785174297
3200	-0.503738482
3236	-1.324361542
3237	-1.719702238
3239	-0.382140645
3257	1.003946435
3290	-0.482492523
3385	0.373118774
3394	0.560085345
3426	0.175495824
3455	0.415534339
3458	-0.829740575
3485	0.727812911
3486	1.13202587
3512	1.069374546
3559	-0.230116912
3560	0.704796986
3561	0.83965813
3575	-0.28540417
3580	-0.01227497
3587	0.794957112
3594	0.067172808
3598	-0.728776461
3600	-0.805600518
3601	-0.025768328
3603	0.676887954
3604	-0.409470542
3613	0.215453274
3620	0.364460236
3627	0.723588769
3635	0.693933863
3656	-0.420729679
3659	1.081115742
3660	0.701701052
3662	0.818463781
3672	0.308061834
3676	0.238542729
3683	0.837097336
3684	0.055638729
3689	1.306257315
3690	0.705506345
3694	-1.753363119
3695	0.408717488
3702	0.16398344
3707	1.286753972
3708	0.393655538
3717	0.110077825
3718	0.302033246
3737	-1.337709386
3738	-0.551972317
3778	-0.225777208
3815	0.318177656
3820	-0.61890354
3824	-0.431175727
3852	-0.562454622
3853	-0.514224255
3854	-0.806204258
3858	0.55286781
3861	-0.574484869
3866	-1.286611163
3868	-0.915571549
3872	-0.711275633
3902	0.428366106
3903	0.640573594
3910	1.277775136
3912	1.408683661
3915	1.579315797
3930	0.578640767
3932	0.459173426
3936	1.418184345
3937	0.409956076
3957	-0.665442788
3958	1.540359683
3965	0.621451627
3977	-0.20208548
4005	-0.148237416
4033	-0.071802337
4049	-0.657947946
4050	0.282599816
4063	-0.158400843
4064	0.092572842
4065	0.216624984
4067	0.649973757
4068	-0.085531544
4069	1.44720543
4070	-0.783208759
4118	-0.14905731
4121	0.035461881
4130	0.245572281
4149	0.882077917
4155	1.324285026
4215	0.872293971
4223	-0.709556336
4242	0.250424507
4259	0.954893319
4261	0.616539252
4283	1.276987693
4286	1.276047152
4308	0.182101555
4325	-0.141003688
4332	0.080241742
4481	0.260993348
4542	0.617880122
4598	0.267733964
4642	1.247610391
4647	-0.099526381
4665	0.826796975
4693	-1.611543516
4702	0.615396704
4716	0.857825268
4811	1.160874293
4818	0.466469067
4885	-0.470695133
4935	0.666474116
4948	-0.535668514
5017	-1.552650766
5063	-1.867590877
5079	-0.828365397
5101	-0.341736276
5118	0.96196321
5133	0.020473951
5137	-1.634572636
5147	0.387734425
5148	-0.847437231
5184	1.022993253
5218	0.012446237
5243	-0.5913767
5255	-0.446043424
5266	-1.250663046
5292	0.399735173
5293	0.884971481
5294	-0.0646853
5296	1.044168414
5305	0.938973013
5307	-1.572374708
5317	-0.828099039
5341	0.774014765
5368	-0.82436542
5396	0.587344798
5450	0.35967943
5452	0.079348498
5551	0.531957284
5552	0.739164378
5563	-1.382971942
5578	0.53188353
5579	0.451535006
5583	0.371688203
5588	-0.347402355
5625	-0.810570548
5652	-1.541225238
5655	-1.471306841
5696	1.005865639
5698	0.87124175
5699	0.754446415
5720	1.124934608
5724	-0.139078216
5732	-0.662160425
5734	0.06588967
5753	-0.758896293
5764	-0.665125405
5777	0.807438373
5778	0.466799895
5788	0.986620272
5790	0.5395827
5791	0.113665458
5800	-0.656609963
5818	0.473030582
5833	0.632692287
5869	1.349118218
5873	0.856433783
5877	0.408355649
5880	0.965102556
5906	0.715772026
5912	0.913101537
5918	-0.164870191
5920	0.64132093
5923	-0.522971108
5973	0.838507019
6039	0.350834166
6183	0.564867593
6252	-0.487136436
6273	-0.503316831
6279	-0.266372091
6283	-1.986926086
6286	-1.786553249
6303	1.363093387
6304	0.277880226
6335	-0.975813248
6337	-1.293004497
6338	-1.425572226
6351	0.193519022
6352	1.021986721
6361	-1.193456868
6362	-0.038087252
6363	0.475970015
6367	-0.865601663
6373	-0.013283281
6375	-0.957040286
6383	0.648985892
6402	0.578458162
6404	0.678948887
6441	-1.918152066
6490	2.171956696
6503	0.584608362
6504	-0.196086597
6518	-0.232538966
6520	1.485021266
6526	0.792296335
6539	-0.772208379
6546	0.040907515
6559	-1.461594868
6590	-1.28109848
6591	0.600220046
6615	-0.376780006
6629	0.793938569
6641	0.580135316
6653	0.495724364
6664	-1.34594014
6665	-1.116184075
6689	-0.315600289
6693	0.404836111
6703	-1.327762729
6715	0.167283501
6737	0.363954697
6744	1.123430261
6772	1.826845638
6773	1.241628966
6775	-0.320043105
6809	0.799986822
6820	-1.32127709
6846	-0.775773112
6868	0.49181076
6890	1.63055659
6891	1.156484229
6916	0.129180092
6925	0.344160581
6935	0.200661968
7020	1.217372558
7035	-0.048343406
7039	-0.469965052
7051	-1.212475377
7053	-1.656650068
7097	0.071466728
7099	0.095714612
7106	1.009902356
7117	1.649482644
7124	-1.181948607
7133	0.956807731
7150	1.043189547
7186	0.439215881
7299	1.470051494
7306	0.405235125
7318	0.537401351
7384	1.297177224
7409	0.353969263
7412	0.620905162
7422	0.697369493
7453	1.816120495
7454	0.444497436
7462	0.211318461
7535	0.190780895
7539	-0.759754411
7634	-1.273375149
7726	0.870726449
7805	1.533233558
7852	0.55399232
7903	-0.070400647
7991	0.46525119
8013	0.002472754
8091	-0.117456146
8115	-0.466721961
8140	1.670479305
8214	0.283252506
8270	0.465705539
8320	-0.283468746
8321	0.539805928
8379	0.85349277
8418	-0.653637094
8477	-0.178315957
8490	0.621059688
8514	0.905761762
8528	-1.110295673
8530	-0.170337076
8542	0.761759115
8600	-1.289141787
8631	-0.599360578
8651	-0.566182142
8676	-0.169432615
8698	-0.191713357
8704	0.793173145
8705	-0.069728273
8740	-1.305921389
8743	0.161692094
8755	2.349692728
8760	0.734237479
8764	1.178718111
8778	-0.477894419
8796	-1.658757715
8807	-1.059448038
8829	0.608077763
8832	0.008931866
8843	-1.457780872
8875	-0.365050493
8909	-1.714875569
8986	0.775210799
9022	-1.182789632
9034	-0.353880969
9046	0.285642045
9051	0.008224459
9056	0.505875017
9103	-0.361751434
9111	0.102027102
9185	-0.242030413
9200	-0.135242883
9214	0.209065852
9235	0.921566148
9267	0.676434836
9331	0.326051006
9332	0.549106368
9348	-1.52861381
9368	0.609240676
9446	1.130406479
9448	1.392065496
9450	0.028924301
9452	-0.067620498
9459	0.396572983
9472	0.341479734
9473	0.494229749
9495	-0.322076616
9514	-1.213946792
9535	0.106914468
9580	0.996710708
9595	0.282575735
9601	1.431989048
9603	0.4414116
9635	-1.224083503
9651	-1.002310113
9674	0.290779825
9679	0.935169613
9715	-1.125803538
9732	0.255345083
9744	0.315843904
9746	0.517007681
9750	0.272108317
9760	-0.022711926
9806	0.834676641
9834	-0.507259818
9840	-0.330906901
9844	0.143327053
9851	0.129064769
9865	-0.09247899
9881	0.241966255
9914	-1.606314056
9934	-1.028720856
9938	0.467400822
10003	-1.351133676
10045	-1.029747876
10053	-1.806585312
10068	0.62946741
10082	-0.259718679
10085	-0.812570632
10089	-1.427419527
10121	1.121549037
10125	0.030772117
10130	1.541462363
10133	0.868422153
10148	-0.241092618
10152	0.837915442
10154	0.794660129
10158	-1.685632683
10223	-1.572058918
10225	0.16513119
10234	-0.968578276
10235	-0.12720481
10253	0.932445902
10261	0.058779042
10265	-0.359735425
10288	0.268448553
10298	0.864894612
10320	0.585617042
10326	0.192572943
10346	0.811605595
10351	-0.543306777
10362	1.199839419
10371	-0.250388067
10379	0.760675625
10458	0.844893626
10477	0.741067903
10493	1.868363127
10507	0.365113388
10537	0.922248723
10538	-0.259249815
10555	0.794936367
10563	0.542251591
10578	-0.618929347
10629	0.267696729
10663	0.036012823
10666	-0.647586296
10673	-0.389759109
10761	-1.731862217
10800	-0.775959861
10809	0.324516063
10859	0.225384687
10863	-0.268420522
10866	0.686029219
10870	0.241151143
10871	-0.829650793
10875	0.303105968
10907	0.760128061
10962	0.149605813
10981	0.743680259
10994	1.027546778
10999	0.733733485
11001	-0.99874354
11005	-1.088992439
11006	0.640020547
11010	0.049433985
11024	-1.488996972
11040	0.803472582
11072	0.472464406
11082	-0.389622244
11092	-0.152680693
11096	-0.389345658
11151	1.140123705
11178	1.303917522
11184	0.365932245
11187	-1.042552281
11219	-1.491470277
11227	-0.803361469
11262	0.122510353
11277	0.276939808
11309	0.49609532
11314	-0.124916183
11320	0.354368335
11326	0.250981436
22797	-0.022906563
22806	-0.364599234
22807	-0.474237318
22873	-0.146720676
22875	-0.481751069
22898	0.11636747
22905	0.560657968
22914	0.023721439
23037	-0.307091479
23048	0.824507122
23213	0.645891877
23218	0.595516449
23224	0.974716546
23228	-0.247588121
23231	0.445596456
23495	-0.934473157
23503	0.816963828
23533	0.22776415
23543	1.036970745
23547	-0.772688644
23550	0.132673403
23650	-1.203851267
23659	0.690045506
23767	-0.607804273
23779	-1.245197223
25798	1.104943826
25816	0.27647294
25833	-1.902000404
25937	0.622525454
25939	0.469571052
26012	0.766434511
26034	-0.219316925
26051	0.429506702
26073	1.099423534
26085	-1.54879407
26112	0.475782973
26154	-1.651905836
26157	0.150534794
26191	-0.144311988
26228	-0.799475126
26278	0.647023335
26279	0.400933887
26330	0.073902752
26517	0.795919164
26578	0.546582549
27013	0.971187183
27033	-0.906725239
27036	-0.296614727
27065	0.933188349
27071	-0.186335923
27075	0.069070567
27076	-0.420240761
27111	-0.606851341
27115	-0.43865333
27128	0.524827325
27181	-0.365156684
27197	-1.584754485
27240	-0.051639015
27255	-1.629230844
27299	0.125351442
27315	0.33652705
27334	-0.418580758
28955	0.576172558
28959	0.586220535
29114	-1.69303077
29125	-0.884974316
29126	-0.429186959
29760	-0.122769433
29851	-0.314124925
29886	0.779616519
29906	-1.528268886
29909	-0.493416356
29933	-0.10277797
29965	0.727974292
29986	-1.860678729
29993	-0.784950257
30008	0.542926283
30009	-0.417217217
30061	0.409626948
30845	0.1967133
43847	-1.945756522
50615	0.138167025
50650	0.335045162
50651	-1.168594914
50814	0.427648453
50846	-1.274219938
50852	-0.53586198
50856	-0.490340817
50943	-0.166679963
51056	1.092986792
51059	-1.450393072
51071	0.61402938
51088	0.357607527
51102	0.376671061
51116	0.684481077
51117	0.535979684
51131	0.100392222
51151	0.637801649
51166	-0.427017418
51171	0.220090166
51195	-0.244924305
51196	-0.483755479
51225	0.303112441
51237	0.450653921
51284	-0.053880098
51285	-0.366182478
51291	0.420543871
51311	-0.147016614
51316	-0.403570917
51338	-0.058570888
51368	0.869769967
51379	0.205792809
51411	0.299569623
51422	-0.008623602
51458	-0.912267163
51693	0.517081817
51703	0.360608084
51744	-0.572926306
51762	0.615456505
51816	1.125868434
53346	-0.51437051
53347	-0.307300747
53405	-0.666924709
53829	-0.212203683
53833	-1.081527918
53905	-0.822499538
54106	-0.49097388
54206	0.403128157
54413	-0.395240129
54431	1.026039967
54440	0.65202622
54453	0.371831138
54464	0.563081435
54491	-0.30870042
54496	0.629911035
54509	0.128390699
54510	-0.212356959
54518	0.439380006
54625	1.187287898
54626	-1.070696155
54814	0.450262458
54832	0.739254952
54839	-0.740490261
54845	0.150057492
54847	-0.625824443
54855	0.124972445
54857	-2.081343649
54869	-0.179391674
54884	1.045040643
54900	-0.272393833
54982	0.952741563
54997	-0.528688208
55001	-1.738014213
55016	-0.660841302
55024	-0.425867292
55040	-1.883651876
55057	-1.774743699
55203	-0.52770357
55220	-1.247448664
55233	0.47428873
55273	-1.447435652
55303	0.698046707
55332	0.462651539
55340	0.595928046
55357	0.112068573
55365	0.254745359
55423	0.003790617
55504	0.832792978
55603	0.416278711
55607	-0.097778204
55612	-1.467760225
55809	-0.106409025
55824	0.823287241
55840	-0.424953795
55843	-0.393406191
56034	-0.249094469
56169	-1.641236023
56172	0.72420224
56253	-0.416943447
56833	0.71771294
56886	1.074101781
56940	0.770960488
56978	-1.043295344
56990	0.828876455
56999	0.085027883
57091	-1.044460671
57111	-1.663549093
57132	0.839806277
57194	0.523920261
57402	-1.309083528
57451	-1.404199738
57460	0.480119971
57537	-0.556933902
57556	0.843143717
57559	0.04621413
57562	-0.675677552
57631	-0.880801092
57662	-1.222181427
57674	1.435485405
57687	-1.204447548
57705	0.422183804
57821	-1.308803645
57822	-1.657720989
57823	0.792007038
58475	0.114241475
58480	-0.201441529
58484	-0.501081269
59269	0.346063484
59344	-1.832056212
60312	0.718848642
60489	0.200867776
63943	-0.011919012
63970	-1.860949662
63982	-1.435899369
64005	0.351519569
64092	0.118607638
64098	0.387711598
64108	0.127266535
64174	-0.442338199
64218	0.13868656
64231	0.718325583
64333	0.363913916
64407	-0.717472784
64419	0.734147248
64432	0.819523556
64581	-0.010986135
64761	0.464423618
64778	0.860039988
64780	0.894749662
64919	-0.013112733
64926	0.325653507
65012	-1.233917383
65975	-1.700003095
79037	-0.092617978
79083	1.090427623
79098	-0.946152726
79132	0.222622143
79156	0.018889801
79191	-0.140852092
79368	-0.859300897
79369	-1.746778305
79370	-1.237952341
79413	-0.456738801
79591	0.44180149
79626	-0.077389233
79630	-0.3359413
79654	0.863548374
79714	0.337642604
79729	-0.008517936
79755	-1.622451162
79758	-0.07020393
79840	0.260768688
79856	0.102946243
79863	0.314501261
79865	-1.050515158
79884	-0.317002672
79895	-0.791286308
79899	-0.277802152
79931	-1.097326935
79958	0.276883045
79961	0.042055183
79974	-0.502975438
80008	-0.705238312
80055	0.402792879
80072	-0.86224833
80129	-1.096677707
80139	0.324880511
80176	0.74509661
80183	0.023992958
80231	-0.539700151
80301	1.21379228
80326	-1.08254492
80342	0.193171211
80352	-1.109237776
80380	-0.180408696
80709	0.8723347
80760	0.10903163
80765	-0.30451636
80774	0.731661564
80830	1.102957177
80833	0.732908387
80853	0.321980232
80896	0.403551182
81030	-0.31167088
81552	0.410665536
81553	-0.747733958
81558	0.154320428
81607	-1.088574681
81704	0.75806965
81788	-0.309559803
81793	-0.553663852
81848	1.238475229
81894	0.330895794
83416	-0.088008651
83481	-1.299004468
83593	0.591077611
83604	-0.231810796
83758	-0.794490618
83882	0.431791626
83886	-0.835549948
83937	0.472526969
84000	-0.839846463
84002	-0.132803092
84062	0.470763818
84166	0.891685478
84172	0.727363031
84174	-0.096680075
84189	-1.050437487
84239	-1.919565439
84283	0.061616409
84290	-1.780282643
84300	0.726349005
84303	0.457879947
84329	-0.116821485
84433	0.233322951
84437	0.306054829
84518	-0.884681946
84519	-0.997946212
84541	-0.735856015
84552	0.285413542
84636	-0.794810916
84676	0.277574212
84679	-0.856833183
84695	0.480633133
84734	0.400014024
84830	-1.118789226
84868	0.482980567
84910	0.521765286
84925	0.161070625
84941	-0.16295999
84951	-1.302769902
84958	-0.465468443
84968	-0.212876633
84969	-0.478864109
85001	-0.282927114
85458	0.163705745
85479	-0.82761964
89790	0.226841781
89846	0.240992088
90060	-0.0047586
90161	-1.204821277
90273	-0.707135265
90522	0.746734403
90527	-1.64472239
90627	0.412446795
90809	0.523243408
91056	0.61103687
91373	0.686214815
91523	0.166691904
91543	-0.2484805
91607	0.245984501
91624	-0.603856878
91768	1.076198058
91828	-1.133875438
91937	-1.063948557
92241	0.473717867
92359	-1.746580471
92370	0.091123915
92558	-0.233094371
92840	0.106549606
93099	-0.11505848
93349	0.125263374
94015	0.805415862
94120	-0.176852846
94122	-1.008804873
94234	-1.833842528
94240	0.273632257
96610	2.153384029
112724	0.055472161
113540	-0.338677856
113612	0.424837468
113730	-0.230097809
113791	0.272155866
114088	0.20235309
114132	-1.227198232
114294	0.260931354
114548	-0.531795541
114569	-1.232020815
114614	-0.98623443
114801	-0.71822181
114836	0.219341847
114899	-0.099696607
115004	-0.582620044
115110	0.018220457
115207	0.868545844
115350	-0.924984118
115352	-0.260738406
115361	1.082575635
115362	0.770087747
115761	-0.475167214
116443	-0.964461058
116986	-0.251383205
117289	0.247725364
118429	0.311628949
118788	0.615470189
119548	-1.333504806
120224	-1.815209948
120425	0.251969121
122416	-0.254490151
122618	-0.248835669
124402	0.402592568
124460	-0.15058545
124535	-1.689061561
124739	-1.406202432
125058	0.981724002
125206	-1.267364924
125704	-0.433773432
126074	-0.404415763
126321	1.492670841
126364	-0.116277632
127262	0.79334659
127544	0.73781936
128553	-0.89153127
128611	-0.265291064
130026	-0.642278467
131450	-0.711746866
132332	-1.192276415
133418	0.064304951
139716	-0.188381271
139818	0.13612085
140564	-0.240008939
140711	-1.287512906
140885	1.36115757
140947	-0.486814809
143689	-0.994572779
144110	0.23278624
144568	-1.56697346
146206	-0.122477768
146439	-1.74206161
146722	-0.280204252
146802	-2.026958078
147138	0.538557039
147700	-1.054879461
149428	-1.549987098
149628	-0.075241826
150365	-0.310410006
150372	-0.069030458
150696	-1.290788713
151242	-1.547988062
151888	-0.511254404
152189	-0.690304594
152789	-0.58594138
153769	-1.438590309
154075	-0.593744606
154810	1.008533881
155038	0.273344872
158326	-0.594361682
158584	-1.655633241
160364	-1.059656423
160365	-1.030596623
163782	-1.540791322
164118	-1.648836526
165631	-0.647232293
166336	0.275432908
167681	-1.342878164
168537	0.252465756
168667	-1.392762354
169355	-2.071186806
170371	-1.411474457
170575	-0.002438605
170680	-1.818946228
171177	-1.364537603
171558	-1.314629417
193629	-1.241925739
197135	-0.771284325
197259	-0.119921221
197358	0.070544828
199731	0.473312104
199786	-0.949634716
200014	0.870274758
200316	-0.017810245
201134	-0.40456365
201266	0.384000021
201305	-1.196758741
201633	0.204693218
201780	-1.855852422
202309	-0.566808926
202915	-1.560578708
203100	-1.39609672
203197	0.669421202
203260	0.28940355
203328	-0.291736415
204219	-1.75781445
219285	0.417959443
219931	0.525765667
219972	0.88250838
220002	1.03532157
221002	-0.883752215
221188	-0.358966393
221472	0.208475461
221718	0.269639281
221981	-1.003094236
246329	-0.590107523
255488	0.245501927
256236	0.268131273
256281	0.285231005
257000	-0.786569114
257068	-0.843846657
257106	0.7884724
257144	-1.029185806
257194	-0.406532432
259197	-0.902488215
266747	-0.941114647
283234	0.388542065
283314	-1.006289743
283349	0.503363728
283420	-1.264801316
283551	-1.53502358
283897	-0.036167989
284353	-1.432935911
284417	-0.76818724
284759	-0.385102396
284837	-0.904105852
285195	-0.310374804
285533	-0.986989658
285830	-0.453710789
286077	0.578502813
286262	0.32638674
286467	-1.255036127
286530	0.258197862
326624	-0.184415745
333929	-0.987714244
338440	-0.97074867
338758	-0.775057816
339416	-1.084414228
339483	-0.113366658
339541	-1.350638129
340152	-0.855688671
340273	0.006670285
341640	-0.205767357
342615	-0.882481893
342667	-1.370528399
342897	-0.946829805
342979	-1.387823359
343413	-0.731651237
347454	-0.668016167
347689	-1.594461466
348378	-1.09617589
352961	-0.467206446
353345	-1.592044482
374403	0.199848441
374897	-1.090814915
375298	-0.578774661
375686	-1.9327823
375791	-1.359276416
387119	-0.532700639
387357	-0.479854804
387751	0.008471566
388325	-0.467076063
388372	-0.121350203
388512	-1.144375782
388552	0.328642441
388650	0.143712305
388662	0.458129339
388698	-1.732782378
389206	-1.305518181
389643	-0.819054543
391123	-2.097046876
392636	-1.123013794
399473	-1.836793413
399959	-0.100575391
400759	-1.199866802
401124	-1.163952415
401647	0.189684009
415117	-2.097165662
440823	-0.036319989
441108	-0.378948442
441168	0.241303758
441376	-1.057900122
441631	-0.098670652
445347	-0.859624652
474344	0.468654352
497189	-0.703795835
606724	-0.466384411
644997	-1.708472318
645432	-1.548502522
647121	-0.909570627
653361	0.311721262
653553	0.334594061
654816	-0.332868077
654817	-0.158869078
729171	-1.36331525
729230	-0.097384815
729540	0.185019162
730094	0.255879492
100049587	-0.260834751
100128385	-0.097272623
100129792	-0.842338101
100132417	-0.82423886
100188949	-1.09721059
100190938	-0.819604232
100233209	-0.741969234
