entrez_id	centroid
12	1.499337674
113	0.347428619
135	-0.290759811
153	-1.127713636
199	0.207843845
203	0.512535251
215	0.522364279
218	-1.305940782
222	-0.731338104
225	-1.285576975
239	-1.671018329
240	-0.088815255
242	-1.808690095
272	-0.173917535
284	0.397176141
311	0.968222892
313	-0.315812906
330	-0.014717611
355	-0.059487079
356	-1.075417146
382	1.009408131
395	-0.243075559
397	1.010602544
399	-0.583105488
419	-0.395352081
427	1.26000597
430	-1.593552033
490	1.127984016
526	1.246262456
527	1.187523105
535	0.925198069
567	2.274079439
571	0.975350283
586	-0.002078399
608	-1.319622146
638	-1.92644995
639	0.02403073
640	-1.299397077
643	-1.137803275
695	-0.131976303
710	1.262187352
712	1.09872749
713	1.130726927
714	1.09911923
718	0.866866305
719	0.089269764
720	0.634609785
730	-0.201827816
752	0.395387439
816	-0.711166531
822	0.433440839
825	0.452852256
843	-0.090377424
863	-1.066053514
864	0.349103388
871	1.70406205
912	-0.75842424
914	-0.08004543
915	-0.441630746
916	0.074819907
917	-0.986557891
919	-0.476549579
920	0.756268719
921	-0.378552501
922	-1.985659543
923	-0.231274957
924	-0.233962092
925	0.000714614
926	-0.577318329
930	-1.151486297
931	-0.859551212
939	-0.162479468
940	-0.500783663
941	-1.157416508
942	-0.069207434
943	-0.904732385
944	-0.955448015
945	-0.496104027
949	0.81476586
951	0.237007857
952	-0.598907828
958	0.103318651
959	-1.313670953
962	-0.013548455
963	0.461146174
969	-0.773145205
971	-0.303936915
972	2.148510326
973	-0.337038816
975	1.723224622
999	-0.24672411
1001	-0.327625734
1017	0.952766096
1041	-1.254379787
1043	0.04573481
1050	-0.347663799
1186	1.210169686
1193	-0.152112328
1209	1.318136072
1230	0.083938271
1233	-1.371213011
1234	-0.161926327
1235	-0.939527037
1236	-0.514736686
1237	-1.640982917
1240	0.215299263
1244	-1.004329582
1269	-1.755764514
1298	0.25505728
1299	1.026124891
1308	-1.165582424
1363	0.612219788
1378	-0.622153464
1380	-1.134013561
1404	-0.072919488
1435	0.449292845
1436	0.646647078
1439	-0.024088293
1462	1.355608804
1474	-1.681723859
1476	1.064857295
1509	1.854808407
1512	0.69951099
1515	-0.553462403
1520	0.91521367
1521	-0.351836847
1536	0.509162002
1540	0.621935773
1545	0.001258994
1612	0.43471038
1613	0.700757944
1672	-1.816715842
1731	-0.166419032
1742	0.428397746
1745	0.201739841
1746	-0.485084999
1747	-1.513283491
1770	-0.146428132
1776	-1.823737401
1794	0.261992596
1806	0.051966217
1825	-1.264054304
1836	1.189761645
1845	0.914032661
1880	-0.341703833
1902	-0.290019347
1944	-0.389547967
1999	-1.522668237
2015	-1.212617161
2021	-0.091791766
2037	0.804643793
2041	-1.868335256
2042	0.274501699
2049	0.749613218
2123	-0.031148318
2124	0.172957141
2125	-1.104225941
2185	0.388216597
2196	-0.564929477
2208	-1.432502742
2209	-0.323935663
2210	-0.3500701
2212	0.829936346
2214	0.684686413
2239	0.62597612
2247	0.296080644
2252	-0.487634009
2261	-0.84041474
2273	0.550557849
2289	0.624754273
2313	0.093519417
2315	0.080499
2321	0.671421576
2322	-1.46611711
2346	0.00638077
2359	0.132872667
2495	1.981822101
2498	0.097726021
2524	-1.172010964
2529	-1.682581823
2533	0.375634291
2596	-0.294751533
2625	-1.169001869
2633	0.663100138
2634	0.834235246
2643	-0.133927875
2650	-0.243897037
2651	0.004841942
2668	-0.631391015
2681	-0.366285947
2707	-1.500148208
2709	-1.808570476
2760	0.959234256
2766	-0.058639832
2774	-0.56540409
2793	-1.03256685
2810	-0.930613135
2829	-1.800741563
2833	-0.476595308
2841	-1.074858042
2846	-1.135585867
2857	-0.525937837
2877	-1.883196578
2886	-1.773475666
2889	0.911925322
2893	-1.093008758
2997	0.947030292
2999	-0.763817259
3001	-0.398021663
3002	-0.414390523
3003	-0.478927094
3034	-1.88517769
3055	0.171159938
3059	0.517969248
3071	0.279462423
3075	0.565896514
3082	-0.907672179
3101	-0.335409676
3105	1.840569419
3109	0.628795406
3111	0.369957509
3112	-0.765789509
3113	1.348669781
3115	1.1855384
3116	-1.500822137
3117	0.766343341
3118	0.107107982
3120	-1.019285585
3122	1.639597073
3133	1.746313039
3134	0.932498936
3135	-0.748550851
3136	0.756685795
3163	0.785174297
3200	-0.022925352
3236	-0.849905586
3237	-1.115337994
3239	0.353757454
3257	0.792393939
3290	-0.937485125
3385	0.147283562
3394	0.050612184
3426	0.175495824
3455	0.415534339
3458	-1.440859857
3485	1.283733296
3486	1.699379553
3512	0.173118419
3559	-0.666390409
3560	0.21464131
3561	0.277264216
3575	-0.80905438
3580	-0.755279535
3587	0.35466243
3594	-0.435232182
3598	0.256804844
3600	-0.805600518
3601	-0.344936944
3603	0.26507492
3604	-1.043471345
3613	0.215453274
3620	-0.324353788
3627	0.114461614
3635	0.268025916
3656	-0.420729679
3659	0.668257187
3660	0.560207731
3662	0.03183946
3672	0.308061834
3676	0.238542729
3683	0.231831053
3684	0.055638729
3689	0.894194053
3690	1.339746796
3694	-1.753363119
3695	0.012638442
3702	-0.41335368
3707	0.943168191
3708	0.393655538
3717	0.110077825
3718	0.302033246
3737	-0.795605229
3738	-1.060691909
3778	-0.225777208
3815	0.318177656
3820	-1.129372774
3824	-0.985278385
3852	-0.562454622
3853	-0.514224255
3854	-0.806204258
3858	0.55286781
3861	-0.574484869
3866	-1.286611163
3868	-0.915571549
3872	-0.711275633
3902	-0.196559064
3903	0.271098848
3910	1.706916186
3912	1.713656009
3915	1.840152152
3930	0.578640767
3932	-0.188268424
3936	0.995425464
3937	0.409956076
3957	-1.223778713
3958	1.190958091
3965	0.621451627
3977	-0.20208548
4005	-0.148237416
4033	-0.597907309
4049	-1.223894359
4050	-0.314948656
4063	-0.801254834
4064	-0.345934544
4065	-0.285546375
4067	0.385388966
4068	-0.773175923
4069	0.97117098
4070	-0.783208759
4118	-0.971551131
4121	0.035461881
4130	0.539637651
4149	0.761482158
4155	0.792602857
4215	0.706376554
4223	0.033784536
4242	-0.081929223
4259	0.762536441
4261	0.089617248
4283	0.55778581
4286	0.854308924
4308	-0.899733027
4325	0.751747318
4332	-0.31524929
4481	0.260993348
4542	0.274235409
4598	0.267733964
4642	0.893838038
4647	-0.099526381
4665	0.826796975
4693	-1.010853302
4702	0.615396704
4716	0.857825268
4811	1.661435982
4818	-0.110627525
4885	0.431864005
4935	-0.421378429
4948	-0.535668514
5017	-1.552650766
5063	-1.403189771
5079	-1.50778388
5101	0.228367846
5118	1.479286683
5133	-0.654291336
5137	-1.115536337
5147	0.243219099
5148	-1.340841153
5184	0.852825913
5218	0.012446237
5243	-0.5913767
5255	0.28528473
5266	-1.250663046
5292	0.088696389
5293	0.391751383
5294	-0.553239011
5296	1.044168414
5305	0.660632145
5307	-1.572374708
5317	-0.828099039
5341	0.309566817
5368	-1.441184545
5396	1.035328479
5450	-0.465005638
5452	-0.321737244
5551	-0.012575747
5552	0.739164378
5563	-0.678962086
5578	0.864356197
5579	-0.05215678
5583	0.01856868
5588	-0.860010476
5625	-0.810570548
5652	-1.541225238
5655	-1.471306841
5696	0.738570973
5698	0.517715449
5699	0.428873223
5720	0.924518941
5724	-0.489415262
5732	-1.020071003
5734	-0.270876721
5753	-0.758896293
5764	0.235058816
5777	0.37818604
5778	-0.019112052
5788	0.368325921
5790	-0.028035568
5791	0.113665458
5800	-0.656609963
5818	0.473030582
5833	0.393051126
5869	1.181748153
5873	0.549330164
5877	0.408355649
5880	0.545674865
5906	0.715772026
5912	0.742442507
5918	-0.164870191
5920	0.16684185
5923	-1.14539045
5973	0.466021624
6039	0.042700783
6183	0.564867593
6252	-0.487136436
6273	-0.503316831
6279	-0.266372091
6283	-1.986926086
6286	-1.786553249
6303	1.121796518
6304	0.277880226
6335	-0.350540959
6337	-1.293004497
6338	-2.009527329
6351	-0.276868201
6352	0.500747298
6361	-1.680250297
6362	-0.665795471
6363	-0.327829476
6367	-1.394179522
6373	-0.578914702
6375	-1.423350717
6383	1.043610526
6402	0.044418174
6404	0.323695804
6441	-1.918152066
6490	0.848207401
6503	0.14904143
6504	-0.828328009
6518	-0.232538966
6520	1.485021266
6526	1.19104755
6539	-1.26290487
6546	-0.290457288
6559	-1.835320066
6590	-1.28109848
6591	0.600220046
6615	0.057519839
6629	1.014358514
6641	0.892985763
6653	0.495724364
6664	-0.45548729
6665	-1.116184075
6689	-0.945576627
6693	-0.101978368
6703	-1.327762729
6715	0.167283501
6737	0.137661798
6744	1.396158777
6772	1.531419203
6773	1.05144914
6775	-0.767849381
6809	0.574534006
6820	-1.32127709
6846	-1.332145993
6868	0.665949067
6890	1.313750614
6891	0.904555534
6916	0.129180092
6925	0.344160581
6935	0.653983366
7020	0.726818454
7035	-0.048343406
7039	0.096684065
7051	-1.212475377
7053	-1.656650068
7097	0.071466728
7099	0.095714612
7106	0.780191673
7117	1.649482644
7124	-1.634733869
7133	0.639749919
7150	1.212333237
7186	0.275805373
7299	0.482866026
7306	0.405235125
7318	0.537401351
7384	1.297177224
7409	-0.146700911
7412	0.248638207
7422	1.015505432
7453	1.481371194
7454	0.043170011
7462	-0.106669504
7535	-0.379914049
7539	-0.406026324
7634	-1.731815404
7726	0.707289038
7805	1.166380705
7852	0.55399232
7903	-0.070400647
7991	0.948569415
8013	-0.494081978
8091	0.623759853
8115	-1.203312153
8140	1.302074148
8214	0.283252506
8270	0.465705539
8320	-0.739712921
8321	0.905835427
8379	0.85349277
8418	-0.653637094
8477	-0.583889339
8490	1.129987723
8514	0.301539266
8528	-1.110295673
8530	-0.668050008
8542	0.761759115
8600	-1.289141787
8631	-0.599360578
8651	-0.923362815
8676	-0.582292276
8698	-0.670602763
8704	0.793173145
8705	-0.360632829
8740	-1.689203171
8743	0.161692094
8755	1.494402463
8760	0.580996141
8764	0.778526007
8778	-0.899725483
8796	-1.658757715
8807	-1.482578362
8829	0.608077763
8832	-0.447451317
8843	-1.925810492
8875	-0.849980874
8909	-1.714875569
8986	0.583747839
9022	-1.759923813
9034	-0.690596624
9046	-0.062798944
9051	-0.440094142
9056	0.196710066
9103	-0.361751434
9111	0.102027102
9185	-0.690114573
9200	-0.637598427
9214	-0.568328794
9235	0.475191977
9267	0.452194934
9331	0.744351104
9332	0.549106368
9348	-0.833519699
9368	0.348325518
9446	0.873931845
9448	1.555220045
9450	-0.325401493
9452	-0.067620498
9459	0.396572983
9472	0.916400893
9473	0.16355547
9495	-0.707394361
9514	-0.445505974
9535	0.106914468
9580	0.719215099
9595	-0.258420923
9601	1.649227322
9603	0.4414116
9635	-1.224083503
9651	-1.561176371
9674	0.290779825
9679	0.627193355
9715	-0.397273254
9732	0.663122239
9744	-0.272567962
9746	0.517007681
9750	-0.242752268
9760	-0.525848023
9806	0.366272305
9834	-1.267756771
9840	-0.977718866
9844	0.143327053
9851	0.296570237
9865	0.490892919
9881	0.241966255
9914	-1.606314056
9934	-1.028720856
9938	0.098773445
10003	-0.979201537
10045	-1.493044269
10053	-1.806585312
10068	0.300962849
10082	0.333264094
10085	-0.19614121
10089	-1.427419527
10121	0.968557679
10125	-0.399869954
10130	1.715188164
10133	0.580862301
10148	-0.698248022
10152	1.039120142
10154	0.271815753
10158	-1.685632683
10223	-1.961918165
10225	-0.388990702
10234	-0.445269749
10235	-0.593377857
10253	1.247138311
10261	-0.352295458
10265	-0.359735425
10288	-0.113387042
10298	0.864894612
10320	0.02866976
10326	-0.113787377
10346	0.433880512
10351	0.335277199
10362	1.199839419
10371	0.556821485
10379	0.551148219
10458	0.844893626
10477	0.924757615
10493	1.626386734
10507	0.365113388
10537	0.250986413
10538	-0.675055108
10555	0.794936367
10563	-0.304545727
10578	-1.135189655
10629	0.267696729
10663	-0.511376128
10666	-1.088526656
10673	-0.389759109
10761	-1.280741812
10800	-1.141781019
10809	0.046058509
10859	-0.277231459
10863	-0.747991186
10866	0.24991522
10870	-0.142148477
10871	-0.829650793
10875	0.303105968
10907	0.760128061
10962	0.512862924
10981	0.444866334
10994	1.027546778
10999	0.733733485
11001	-1.439902989
11005	-1.088992439
11006	0.174088177
11010	0.049433985
11024	-1.488996972
11040	0.472286876
11072	0.472464406
11082	0.107301714
11092	-0.152680693
11096	-0.044348131
11151	0.66624996
11178	0.943785165
11184	-0.014864521
11187	-1.042552281
11219	-1.491470277
11227	-0.155349098
11262	-0.457527241
11277	0.049165649
11309	0.49609532
11314	-0.124916183
11320	0.354368335
11326	0.250981436
22797	-0.478881693
22806	-1.080127905
22807	-0.474237318
22873	0.352458649
22875	-0.481751069
22898	0.11636747
22905	0.717366519
22914	-0.52875739
23037	0.237723834
23048	0.62872951
23213	0.645891877
23218	0.364889354
23224	0.766445272
23228	-0.247588121
23231	0.445596456
23495	-1.584608777
23503	0.647093326
23533	-0.098772331
23543	1.227555219
23547	-1.345913651
23550	0.132673403
23650	-1.203851267
23659	0.490678613
23767	0.194325906
23779	-1.245197223
25798	0.929522761
25816	-0.026261616
25833	-1.902000404
25937	1.027613492
25939	0.469571052
26012	0.766434511
26034	-0.714838554
26051	0.054179667
26073	1.099423534
26085	-1.54879407
26112	0.079704239
26154	-1.651905836
26157	-0.182606454
26191	-0.646307417
26228	-1.51821338
26278	0.922706926
26279	-0.6026728
26330	-0.815641562
26517	0.795919164
26578	0.341165704
27013	0.789654778
27033	-1.370134298
27036	-0.655657635
27065	0.106855129
27071	-0.651710657
27075	0.488539834
27076	-0.420240761
27111	-0.606851341
27115	0.028492469
27128	0.197815733
27181	-0.98120262
27197	-1.584754485
27240	-0.704228851
27255	-0.92861237
27299	-0.581316598
27315	0.33652705
27334	-1.098193556
28955	0.576172558
28959	0.586220535
29114	-0.96832513
29125	-1.310074092
29126	-0.850550685
29760	-0.579044014
29851	-0.888787348
29886	0.557552467
29906	-0.542948426
29909	-1.080417959
29933	-0.471188924
29965	0.727974292
29986	-1.860678729
29993	-1.197249091
30008	0.886606267
30009	-0.985316271
30061	0.409626948
30845	0.586936363
43847	-1.945756522
50615	-0.465078459
50650	0.335045162
50651	-0.725813604
50814	0.427648453
50846	-0.779848351
50852	-1.239372378
50856	-0.796109046
50943	-0.539787496
51056	1.092986792
51059	-0.74811568
51071	0.414513517
51088	0.357607527
51102	0.376671061
51116	0.684481077
51117	0.535979684
51131	0.100392222
51151	-0.293434648
51166	-0.065334918
51171	-0.183154103
51195	-0.244924305
51196	0.018374919
51225	-0.024633147
51237	-0.373142613
51284	-0.501674822
51285	-0.101799566
51291	0.195718449
51311	-0.672779296
51316	-0.995310935
51338	-0.058570888
51368	0.869769967
51379	0.205792809
51411	-0.186879156
51422	-0.287184572
51458	-0.912267163
51693	0.517081817
51703	-0.018321437
51744	-0.973922818
51762	0.615456505
51816	0.729190888
53346	-0.51437051
53347	-0.965520628
53405	-0.666924709
53829	-0.696528167
53833	-1.081527918
53905	-0.822499538
54106	-0.860269646
54206	0.93401074
54413	0.05958338
54431	1.184926305
54440	0.167995845
54453	0.646310533
54464	0.563081435
54491	-0.30870042
54496	0.629911035
54509	-0.251995078
54510	0.170661321
54518	-0.029619716
54625	0.928784241
54626	-1.070696155
54814	0.450262458
54832	0.739254952
54839	-0.397252919
54845	0.150057492
54847	-0.997248142
54855	0.124972445
54857	-2.081343649
54869	-0.179391674
54884	1.045040643
54900	-0.948725313
54982	0.952741563
54997	0.062514016
55001	-2.231824451
55016	-0.660841302
55024	-1.150466219
55040	-1.883651876
55057	-1.774743699
55203	-0.52770357
55220	-0.50385569
55233	0.47428873
55273	-0.756552324
55303	0.281182414
55332	0.462651539
55340	0.210713061
55357	-0.175151984
55365	0.254745359
55423	-0.707135452
55504	1.309672111
55603	0.745212886
55607	0.474226614
55612	-1.467760225
55809	-0.106409025
55824	0.45391544
55840	-0.759250739
55843	-0.393406191
56034	0.186691158
56169	-1.641236023
56172	1.226320562
56253	-1.002234478
56833	0.308899675
56886	1.207767702
56940	0.584584201
56978	-1.043295344
56990	0.635573841
56999	0.645157391
57091	-1.044460671
57111	-1.663549093
57132	0.839806277
57194	0.057834122
57402	-1.309083528
57451	-1.404199738
57460	0.129091327
57537	0.08905577
57556	0.843143717
57559	0.04621413
57562	-0.243568571
57631	-0.263898512
57662	-1.222181427
57674	1.26801839
57687	-0.246837735
57705	-0.103200209
57821	-0.643330301
57822	-1.657720989
57823	0.234116822
58475	0.114241475
58480	-0.201441529
58484	-0.756203051
59269	0.346063484
59344	-1.832056212
60312	1.042356887
60489	0.200867776
63943	-0.011919012
63970	-1.860949662
63982	-0.560286113
64005	-0.067242077
64092	-0.34911693
64098	0.011617493
64108	-0.233613052
64174	-0.813098276
64218	-0.188064596
64231	0.346384872
64333	-0.098398688
64407	-1.09987061
64419	0.590857095
64432	0.819523556
64581	-0.36263247
64761	0.464423618
64778	0.860039988
64780	0.561096838
64919	-0.507675432
64926	-0.152166993
65012	-0.742146351
65975	-1.181987466
79037	-0.466424409
79083	0.410235951
79098	-0.946152726
79132	-0.061692713
79156	-0.238166089
79191	-0.140852092
79368	-1.51972751
79369	-1.746778305
79370	-1.712303334
79413	-1.010065087
79591	0.327274874
79626	-0.425694163
79630	-0.3359413
79654	0.695509499
79714	0.337642604
79729	-0.378438758
79755	-1.622451162
79758	-0.261927186
79840	0.090536555
79856	0.440640843
79863	0.314501261
79865	-1.530857074
79884	0.243007421
79895	-0.791286308
79899	-0.277802152
79931	-1.560599656
79958	-0.114791753
79961	-0.473491694
79974	-0.502975438
80008	-1.336481934
80055	0.757786234
80072	-1.285387718
80129	-1.096677707
80139	-0.066189166
80176	0.429822017
80183	0.023992958
80231	-0.944246225
80301	1.03875379
80326	-1.586381673
80342	-0.358303509
80352	-1.109237776
80380	-0.626101967
80709	0.576154668
80760	1.01948199
80765	-0.58079657
80774	0.41307273
80830	0.778300578
80833	0.263976868
80853	0.321980232
80896	0.143676475
81030	-0.939756467
81552	0.410665536
81553	-0.747733958
81558	-0.042985156
81607	-1.088574681
81704	0.36083898
81788	-0.678312718
81793	-1.159837225
81848	1.683254875
81894	0.14577718
83416	-0.925760558
83481	-1.299004468
83593	0.239470875
83604	0.299286247
83758	-0.794490618
83882	-0.439813052
83886	-0.835549948
83937	0.472526969
84000	-1.779622405
84002	0.369583638
84062	0.300905357
84166	0.566974282
84172	0.943180866
84174	-0.68509481
84189	-0.326450228
84239	-1.919565439
84283	0.061616409
84290	-1.780282643
84300	0.726349005
84303	0.13640044
84329	-0.116821485
84433	-0.340210358
84437	0.545252748
84518	-0.884681946
84519	-0.997946212
84541	-0.735856015
84552	0.285413542
84636	-1.390619239
84676	-0.86941012
84679	-0.856833183
84695	1.178684455
84734	-0.156813868
84830	-1.589206555
84868	0.104539068
84910	0.521765286
84925	0.161070625
84941	-0.746352619
84951	-2.031373015
84958	-1.014899315
84968	-0.212876633
84969	-0.478864109
85001	-0.615885496
85458	0.448753202
85479	-1.357890556
89790	-0.293070963
89846	-0.12855819
90060	-0.0047586
90161	-0.491061204
90273	-1.094011034
90522	0.746734403
90527	-1.64472239
90627	0.706049473
90809	0.394696986
91056	0.389389704
91373	0.686214815
91523	-0.291838789
91543	-0.2484805
91607	0.245984501
91624	-0.603856878
91768	0.531718048
91828	-1.684229136
91937	-1.604910876
92241	0.056946909
92359	-1.746580471
92370	0.394934
92558	-0.880204698
92840	0.106549606
93099	-0.11505848
93349	0.125263374
94015	0.405874192
94120	-0.465385741
94122	0.067443003
94234	-1.833842528
94240	-0.1333606
96610	1.490390344
112724	0.055472161
113540	-0.056500956
113612	0.073710967
113730	-0.66226732
113791	-0.009540176
114088	0.664760178
114132	-1.227198232
114294	0.049516404
114548	-0.531795541
114569	-1.232020815
114614	-0.98623443
114801	-0.71822181
114836	-0.458763512
114899	1.009986627
115004	-0.582620044
115110	-0.402785159
115207	0.868545844
115350	-1.560758654
115352	-1.074596814
115361	0.548539442
115362	0.099311535
115761	-0.809491868
116443	-0.964461058
116986	-0.251383205
117289	-0.26267905
118429	0.311628949
118788	0.223028946
119548	-1.333504806
120224	-1.815209948
120425	-0.143590494
122416	-0.254490151
122618	-0.758561562
124402	0.402592568
124460	-0.669286295
124535	-2.019473164
124739	-1.406202432
125058	0.981724002
125206	-1.267364924
125704	-0.433773432
126074	-0.404415763
126321	1.106529573
126364	-0.116277632
127262	0.644319864
127544	0.553374637
128553	-0.89153127
128611	-0.840773326
130026	-0.370687895
131450	-1.072637898
132332	-1.650362099
133418	0.064304951
139716	-0.481894509
139818	0.13612085
140564	-0.240008939
140711	-1.287512906
140885	1.043492863
140947	-1.04324785
143689	-0.994572779
144110	-0.017256069
144568	-1.56697346
146206	-0.675183426
146439	-1.74206161
146722	-0.704160016
146802	-2.026958078
147138	0.148803745
147700	-1.054879461
149428	-1.549987098
149628	-0.697268601
150365	-0.740003329
150372	-0.069030458
150696	-1.290788713
151242	-0.891234506
151888	-1.149559519
152189	-0.321023596
152789	-1.249563136
153769	-1.438590309
154075	-1.179965216
154810	1.264806099
155038	-0.025300792
158326	0.309969805
158584	-2.16252493
160364	-1.059656423
160365	-1.521231223
163782	-0.888285878
164118	-1.648836526
165631	-1.232053033
166336	0.653726994
167681	-0.692906579
168537	-0.177129788
168667	-0.836422654
169355	-2.384899269
170371	-1.411474457
170575	-0.364199449
170680	-1.818946228
171177	-1.364537603
171558	-1.828275817
193629	-0.536480343
197135	-1.216551994
197259	-0.119921221
197358	-0.310348169
199731	0.93511921
199786	-1.489118787
200014	0.723587321
200316	-0.017810245
201134	-0.023358083
201266	0.152789214
201305	-1.609032185
201633	-0.474331297
201780	-1.358878355
202309	-0.982403746
202915	-1.560578708
203100	-1.928196915
203197	0.441493392
203260	0.081837291
203328	-0.736018444
204219	-1.75781445
219285	0.417959443
219931	0.525765667
219972	0.495741891
220002	0.729313188
221002	-1.401422188
221188	-0.935702057
221472	-0.245263285
221718	-0.39378164
221981	-0.623381264
246329	-0.590107523
255488	-0.120799611
256236	-0.285954508
256281	0.285231005
257000	-0.786569114
257068	-0.843846657
257106	0.359706521
257144	-1.029185806
257194	0.17820393
259197	-1.402883269
266747	-1.361488027
283234	0.07386184
283314	-1.006289743
283349	0.20940015
283420	-1.711226062
283551	-1.971012942
283897	-0.564581782
284353	-1.432935911
284417	-1.20078835
284759	-0.742058594
284837	-0.904105852
285195	-0.310374804
285533	-0.095500247
285830	-0.844449966
286077	0.578502813
286262	0.32638674
286467	-0.853922468
286530	-0.181282725
326624	-0.680881414
333929	-1.274508333
338440	-1.572828978
338758	-0.444811483
339416	-0.518383336
339483	-0.498601132
339541	-1.706341737
340152	-1.34115429
340273	-0.960914108
341640	0.755341622
342615	-1.365432199
342667	-0.73082051
342897	-0.946829805
342979	-0.781846599
343413	-1.207610427
347454	-1.000378514
347689	-0.88104868
348378	-1.548470771
352961	-0.862475777
353345	-1.592044482
374403	-0.370358728
374897	-1.090814915
375298	-0.578774661
375686	-1.9327823
375791	-1.359276416
387119	-0.532700639
387357	-1.136090313
387751	-0.512509164
388325	-1.009100886
388372	-0.549914032
388512	-1.695969221
388552	0.328642441
388650	-0.182970813
388662	-0.307370933
388698	-1.732782378
389206	-1.75385816
389643	-1.48715292
391123	-2.097046876
392636	-0.074355233
399473	-1.392896423
399959	0.515191491
400759	-1.199866802
401124	-1.682078401
401647	-0.43861025
415117	-2.097165662
440823	-0.355171036
441108	-0.673195416
441168	-0.303703621
441376	-0.532471535
441631	0.459584279
445347	-1.401292528
474344	0.117154416
497189	-1.250659604
606724	-0.872598657
644997	-2.008228186
645432	-1.938385158
647121	-0.909570627
653361	-0.230301214
653553	0.334594061
654816	-0.824353606
654817	-0.685274503
729171	-0.965693596
729230	-0.626352737
729540	0.387192622
730094	0.525984265
100049587	-0.700873184
100128385	0.323094439
100129792	-0.842338101
100132417	-0.82423886
100188949	-1.703056123
100190938	-0.347244133
100233209	-1.317199721
