entrez_id	centroid
2	-1.26828767123288
26154	0.0681438356164384
3983	-0.27327397260274
641371	-0.0459931506849315
84830	-0.261719178082192
84803	-0.114945205479452
9447	-0.072027397260274
220	-1.40525342465753
247	0.421315068493151
288	0.128458904109589
375248	0.301506849315068
339416	-0.119582191780822
306	-0.505808219178082
653145	-0.0738630136986301
10053	0.527397260273973
9582	0.132198630136986
8542	-0.0294315068493151
9938	-0.320178082191781
23779	0.181006849315068
641522	0.0069041095890411
419	0.0208561643835616
9048	0.247849315068493
286554	-0.0837534246575342
624	0.277020547945205
633	-1.1728904109589
638	0.568650684931507
274	-0.909260273972603
684	0.19686301369863
11067	-1.64914383561644
10974	-0.00410958904109589
55337	-0.0742191780821918
79098	-0.643527397260274
717	-0.179486301369863
719	-0.581383561643836
760	0.521876712328767
768	0.428041095890411
57863	-0.14027397260274
816	0.853486301369863
834	-0.86086301369863
80212	-0.282109589041096
6352	-2.05843835616438
894	-1.49828082191781
1230	-0.225034246575342
999	-0.100253424657534
1009	-2.10699315068493
1000	-0.46086301369863
1001	-0.935691780821918
1026	-0.370931506849315
1031	-0.185020547945205
1040	0.897678082191781
634	0.250904109589041
1952	2.24359589041096
629	1.33056849315068
3426	-0.515232876712329
1117	-0.169554794520548
1123	-0.662657534246575
548596	0.683287671232877
1159	0.644520547945206
9076	-0.939260273972603
1191	-0.117438356164384
1308	6.84931506849338e-05
1278	-2.55034246575342
1281	-2.45993835616438
1290	-2.40426712328767
51226	-0.895897260273973
11151	-0.72058904109589
90993	-0.0295616438356164
1410	-2.20071917808219
64651	-0.144445205479452
1474	0.107787671232877
1490	-2.86230821917808
1491	0.0424794520547945
1513	-3.17504794520548
1515	0.0263219178082192
1525	0.0461712328767123
3627	-1.58375342465753
6373	-0.0373219178082192
58191	-0.613109589041096
79901	-0.0142191780821918
1594	0.407294520547945
57834	0.828787671232877
1634	-3.83424657534247
780	0.261856164383562
4921	-0.757650684931507
23586	0.510178082191781
79132	0.73772602739726
10395	0.0503493150684932
1746	0.0327671232876712
11080	-0.195465753424658
5611	-0.140369863013699
1805	-1.97502054794521
1824	-0.57077397260274
1830	-0.142356164383562
667	-0.0988972602739726
11221	-0.146383561643836
1847	0.476719178082192
1875	0.110705479452055
1893	1.56487671232877
1958	-2.05928082191781
22936	0.0971986301369863
79767	0.879753424657534
55068	0.0567054794520548
5168	-1.50391780821918
54566	0.0456232876712329
4072	0.178630136986301
2041	0.0613835616438356
94240	-1.39524657534247
79956	0.654897260273973
54206	0.154753424657534
54845	0.197869863013699
80004	-0.0318493150684932
23086	0.490794520547945
50848	-0.121034246575342
9415	0.172013698630137
26049	-0.0603082191780822
84141	-0.990835616438356
54757	-0.486383561643836
54855	0.208191780821918
2191	-2.1877397260274
2196	-0.00406164383561644
2192	-1.22141780821918
10516	-1.30043150684932
2200	-0.807602739726027
84824	-0.218061643835616
10979	-1.69443835616438
9982	-0.141061643835616
2263	-0.0146369863013699
2261	0.850575342465753
10875	-1.67239726027397
11259	-0.956828767123288
79584	0.242445205479452
10468	-0.744479452054794
11167	-2.32961643835616
7976	0.0938904109589041
2633	-1.38963698630137
115361	-0.618376712328767
115362	-0.471376712328767
2669	-1.03846575342466
2707	-0.0902534246575342
27165	0.399938356164384
84656	0.364315068493151
2774	-0.0256095890410959
92344	-0.0391986301369863
166647	0.0169657534246575
26585	-1.00010273972603
79977	0.632568493150685
3037	-0.172972602739726
1839	-0.621212328767123
85236	0.199821917808219
8370	0.853547945205479
3115	-0.602349315068493
3122	-1.73474657534247
51361	1.43032876712329
9956	-0.00862328767123288
441051	-0.0523835616438356
3303	0.447691780821918
3620	-0.341041095890411
3429	-0.00802054794520548
10437	-0.602308219178082
3430	0.518616438356164
3433	0.257904109589041
8519	0.199986301369863
3485	0.527150684931507
3486	-1.27539726027397
3487	-0.00954794520547945
3606	0.34177397260274
3553	-0.452678082191781
3557	0.0542397260273973
3566	-0.371979452054795
3664	0.164260273972603
50805	0.0815068493150685
3691	-0.00648630136986301
3714	-0.000267123287671232
3728	0.69441095890411
25959	-0.572376712328767
3775	-0.761130136986301
9674	1.13895205479452
3805	-0.0677260273972603
5655	-0.0495753424657534
25818	-0.112027397260274
5650	-0.0412945205479452
11202	-0.0877602739726027
3861	-0.759472602739726
3866	0.430780821917808
3868	-0.265164383561644
3872	-1.66570547945205
3875	0.445527397260274
3852	-0.488479452054795
3854	-1.09643835616438
3887	-0.0511643835616438
3898	-0.279739726027397
55214	-0.505239726027397
3963	-0.0628904109589041
3965	-0.193671232876712
654346	0.00390410958904109
29995	-0.860650684931507
146336	0.13572602739726
84171	-0.731815068493151
55791	-0.0176301369863014
4036	2.23611643835616
55227	0.197335616438356
55073	-0.0992739726027397
51599	0.245301369863014
4052	-0.0448904109589041
79083	1.3863904109589
4311	-0.341143835616438
4312	0.0138698630136986
4326	-0.0283082191780822
4313	-0.782705479452055
117196	-0.0464383561643836
4486	0.648753424657534
4084	0.264917808219178
10398	-0.990376712328767
4642	-0.283431506849315
55930	0.615171232876712
4671	-0.0699794520547945
10397	-0.411157534246575
10529	0.338917808219178
23327	1.57646575342466
4741	-0.0574178082191781
4811	-0.681417808219178
10874	0.311452054794521
7025	-0.85891095890411
9315	-1.22441780821918
8829	-0.672253424657534
54830	0.898157534246575
8638	0.426143835616438
64859	-1.13969178082192
4950	0.00601369863013699
56944	-1.10511643835616
5027	-0.300732876712329
55872	0.7415
64881	0.514294520547945
5118	-1.92693150684932
5126	0.0427534246575342
56034	-0.846047945205479
5157	-2.35096575342466
64065	-0.50591095890411
51050	1.77635616438356
5266	-0.0933013698630137
8503	0.213390410958904
7941	-0.680719178082192
55857	0.108260273972603
1263	0.0681506849315069
5357	0.441054794520548
5376	-0.738965753424658
10622	-0.11791095890411
10631	-2.09437671232877
8613	-0.839212328767123
8493	-0.109445205479452
152926	-0.0759383561643836
85441	0.524972602739726
5583	-0.88063698630137
51334	-0.131479452054795
553158	-0.125294520547945
79056	0.342123287671233
5396	-1.56696575342466
5652	0.264904109589041
5732	-0.182815068493151
5764	0.306835616438356
5774	0.11291095890411
5806	-0.100150684931507
25945	-0.597280821917808
57111	0.292993150684931
11069	0.218712328767123
5920	-0.14422602739726
25780	-0.508369863013699
342931	-0.0977945205479452
23179	-1.55599315068493
5999	-0.93658904109589
79651	-0.0276712328767123
29984	0.500335616438356
6019	0.50008904109589
6035	-1.2758698630137
79589	0.0329657534246575
4919	-0.621369863013699
6195	0.169301369863014
91543	-0.165739726027397
51750	0.023513698630137
64108	-0.0155753424657534
57402	0.614671232876712
6278	1.32029452054795
6279	-0.586232876712329
6288	-0.360972602739726
6289	-0.128082191780822
619383	-0.217260273972603
51097	0.58691095890411
6402	-0.411794520547945
9037	-0.317020547945205
1992	0.0867123287671233
5055	-0.0617260273972603
29950	-0.174958904109589
83667	0.0356232876712329
10045	0.0587945205479452
6563	0.164184931506849
51296	-1.10449315068493
56606	-0.123561643835616
386757	0.264013698630137
6535	0.64136301369863
6590	-0.965856164383562
27293	0.36286301369863
6622	-0.665787671232877
85389	-0.0292534246575342
85391	-0.0349315068493151
29887	0.137965753424658
57405	0.0357123287671233
10653	0.579486301369863
6695	-1.82681506849315
6696	-0.454541095890411
6698	0.0935616438356164
6699	-0.064458904109589
5552	-2.3487602739726
6768	-0.236287671232877
6769	-0.106924657534247
55620	0.326280821917808
90627	0.224452054794521
6773	-0.30113698630137
6781	1.64846575342466
9262	-0.506335616438356
6850	-0.406595890410959
81493	0.183582191780822
8871	0.435527397260274
6876	-1.61380136986301
414059	0.724383561643836
6926	0.826630136986301
7018	-0.541383561643836
7041	-0.610767123287671
7056	-0.10872602739726
7070	-1.32312328767123
7098	-0.0960821917808219
51284	-0.842143835616438
55281	-0.938904109589041
23670	-0.572123287671233
161291	0.82922602739726
55287	-0.0856301369863014
28983	-0.0334315068493151
56649	0.10763698630137
7130	-0.875794520547945
8771	-0.121287671232877
8743	-0.334821917808219
10673	-1.15905479452055
64759	-0.734486301369863
7161	-0.00149315068493151
7168	-0.553397260273973
9697	-0.926890410958904
23650	-0.108356164383562
7220	-0.404643835616438
10194	0.431
10103	1.66415753424658
64061	0.072541095890411
7267	0.0646643835616438
7846	-0.425917808219178
7345	-0.744527397260274
7358	1.00067808219178
81622	0.258561643835616
7412	-1.14248630136986
7431	-2.24401369863014
7447	-0.487890410958904
22911	-0.113801369863014
7474	-0.317095890410959
23286	0.176938356164384
7498	0.208486301369863
64131	-0.0270821917808219
79413	-0.00505479452054794
253461	-0.0806917808219178
219654	-1.12855479452055
6935	-0.303890410958904
7718	0.926280821917808
7757	-0.00393835616438356
84622	0.327178082191781
