entrez_id	centroid
56994	0.345439024390244
960	0.368121951219512
84749	-0.072
11190	-0.0370487804878049
3662	-0.0145121951219512
80173	0.151048780487805
5685	-0.0822439024390244
79733	-0.0523414634146341
200895	0.0323658536585366
55765	-0.0985853658536585
1793	0.0659024390243902
55308	0.0120975609756098
4107	-0.0833658536585366
64377	0.174682926829268
27183	-0.0574878048780488
705	-0.048219512195122
152	-0.0633414634146341
55344	0.0559268292682927
55848	0.103219512195122
3249	0.132853658536585
81624	0.0250487804878049
57763	0.089390243902439
24145	-0.0652682926829268
54920	-0.046390243902439
9057	-0.050780487804878
3134	-0.285219512195122
3692	-0.0342926829268293
9547	0.158682926829268
3479	0.118585365853659
9631	0.0335853658536585
5328	-0.181243902439024
221294	0.132756097560976
55697	-0.0583414634146341
4145	0.0310731707317073
81569	-0.0857073170731707
10204	-0.0269268292682927
151194	0.0193170731707317
6019	0.676658536585366
7277	-0.0219024390243902
54205	0.0123414634146341
22974	-0.0653414634146341
10370	0.384512195121951
3242	-0.0264878048780488
55173	-0.00763414634146341
4957	-0.0977073170731707
3009	-0.0517560975609756
84952	0.181
55159	-0.0448780487804878
4239	0.483682926829268
11120	-0.00797560975609756
10643	0.197292682926829
91523	-0.0987317073170732
92840	0.217317073170732
51388	0.00902439024390244
388389	0.13380487804878
11128	-0.0403170731707317
79801	-0.0231463414634146
6120	-0.0331951219512195
56259	-0.00741463414634146
11201	0.137243902439024
87178	-0.0211707317073171
80209	-0.110219512195122
1880	-0.194634146341463
2584	-0.0298292682926829
1062	-0.0305365853658537
55794	-0.0601463414634146
27338	-0.0903170731707317
9914	-0.103292682926829
158046	0.521585365853659
79047	0.287634146341463
10615	-0.0892926829268293
4929	0.204951219512195
8544	-0.0834390243902439
276	0.00085365853658537
64376	0.137975609756098
28982	-0.0459756097560976
675	-0.0244878048780488
51495	0.00921951219512195
10446	0.139341463414634
260293	0.420073170731707
64761	-0.159
55629	0.123951219512195
5283	0.19409756097561
5891	0.186365853658537
266740	0.0855121951219512
4774	0.248390243902439
57593	0.0227560975609756
64785	-0.0492682926829268
3992	0.0296829268292683
11017	-0.032
4129	0.293317073170732
10648	-0.0877804878048781
9252	0.0728292682926829
51526	-0.0615365853658537
60481	0.180756097560976
9741	0.0595853658536585
116496	0.277756097560976
84647	-0.0701463414634146
8924	-0.0458048780487805
6194	0.13790243902439
51371	-0.0581219512195122
864	-0.170926829268293
55837	0.0759024390243902
7011	-0.0271707317073171
55832	-0.0305121951219512
2944	0.209780487804878
8874	-0.0229512195121951
257106	-0.0820243902439024
5826	0.0705609756097561
5594	0.0191463414634146
145748	-0.0114390243902439
9797	-0.0691463414634146
8739	0.0494878048780488
3481	0.325780487804878
5836	0.396634146341463
1511	0.216463414634146
6906	-0.0360243902439024
3838	-0.0379268292682927
6627	-0.0669024390243902
84333	-0.0418536585365854
51654	0.00370731707317073
84991	0.0634146341463415
1514	-0.0393658536585366
1826	0.141073170731707
5031	-0.0854634146341463
4521	-0.0357317073170732
2553	-0.0596585365853659
84908	-0.0636585365853659
27299	-0.235560975609756
9688	-0.0187073170731707
54443	-0.0946585365853659
10460	-0.131414634146341
26255	-0.0322926829268293
84883	0.0530975609756098
26263	-0.0135609756097561
9787	-0.0681707317073171
332	-0.198878048780488
3514	0.11880487804878
9391	-0.0329024390243902
7468	0.0110243902439024
5294	-0.00809756097560976
224	0.205853658536585
51143	-0.0727804878048781
5347	-0.0235609756097561
51237	0.0706829268292683
23199	-0.176756097560976
10300	-0.0440975609756098
89927	0.384975609756098
51645	-0.0189024390243902
22828	0.121609756097561
3860	0.602439024390244
80777	-0.00475609756097561
11065	-0.130829268292683
29109	-0.0670487804878049
1728	-0.157951219512195
84057	-0.0676585365853659
23168	-0.0242439024390244
5048	-0.0558292682926829
23560	-0.035609756097561
8092	0.0638536585365854
4839	-0.030390243902439
898	-0.00709756097560975
6210	0.142463414634146
4601	0.11490243902439
23016	-0.032390243902439
677	0.145317073170732
3008	-0.108170731707317
4646	0.0988780487804878
55466	-0.30290243902439
126755	0.0264146341463415
6576	-0.0715853658536585
8139	-0.0205853658536585
348	-0.0312195121951219
9133	-0.0409756097560976
221662	0.42480487804878
25977	-0.132951219512195
662	-0.0260731707317073
79791	0.0343414634146341
7903	-0.0303658536585366
3169	-0.0853170731707317
9948	-0.13309756097561
481	0.22480487804878
1024	-0.035390243902439
9055	-0.0657804878048781
26493	-0.0710243902439024
11118	-0.155878048780488
7170	-0.046390243902439
3329	-0.0487560975609756
6300	0.00651219512195122
9456	-0.18119512195122
55788	0.0754878048780488
1515	0.0531219512195122
132720	0.310951219512195
57017	-0.0269024390243902
2353	0.0491707317073171
9785	-0.0278292682926829
81620	0.0196829268292683
54882	0.0353414634146341
79157	-0.108536585365854
29997	0.180365853658537
1111	0.0318536585365854
56204	0.0600731707317073
7804	-0.0209756097560976
124220	-0.0302439024390244
3832	-0.0201219512195122
2633	-0.228756097560976
55165	-0.0970243902439024
9832	-0.0378536585365854
114049	-0.0296341463414634
1820	0.020780487804878
6164	0.0916341463414634
10553	-0.167731707317073
51	-0.101024390243902
9742	0.215048780487805
93129	0.321634146341463
57535	-0.0499756097560976
563	0.148414634146341
6206	0.163219512195122
29127	-0.0877560975609756
10576	-0.000926829268292684
6397	-0.0696585365853659
55041	-0.0129268292682927
54502	0.0797073170731707
11021	-0.102
1844	-0.0322439024390244
23024	0.238243902439024
3422	-0.0343414634146341
10437	-0.207634146341463
3418	-0.0863658536585366
57099	-0.0729512195121951
29100	-0.182853658536585
6241	-0.0973170731707317
79071	0.0447560975609756
50515	-0.146853658536585
5822	-0.0531707317073171
10974	-0.0897560975609756
150	0.287365853658537
2821	-0.024390243902439
5717	0.0200487804878049
92960	0.0685121951219512
57621	0.0679756097560976
5932	0.350317073170732
8745	0.0461219512195122
7373	0.402487804878049
5816	0.0798536585365854
114876	0.181243902439024
9100	-0.0645121951219512
3667	0.14609756097561
4105	-0.0515121951219512
4283	-0.579487804878049
18	0.223317073170732
3945	0.142682926829268
1783	-0.0948780487804878
23259	0.0568536585365854
1869	-0.113731707317073
55145	0.196121951219512
190	0.125585365853659
22919	-0.0410243902439024
10742	0.441073170731707
3493	0.0189268292682927
5688	-0.122268292682927
8566	-0.0536585365853659
55930	0.0592682926829268
9123	-0.0420243902439024
57619	0.0323658536585366
25825	-0.0894390243902439
83605	-0.0177804878048781
23683	0.015390243902439
8438	-0.0495853658536585
6890	-0.282024390243902
995	-0.140951219512195
57496	0.169634146341463
9620	0.000243902439024394
56912	0.194926829268293
80758	-0.0364146341463415
3021	-0.0866829268292683
10963	-0.0231951219512195
64943	0.0568536585365854
3135	-0.261121951219512
3572	0.237268292682927
4057	0.0462926829268293
1429	0.330463414634146
3326	-0.0255365853658537
286	-0.0306341463414634
3902	-0.162707317073171
23413	-0.0297073170731707
375	-0.141243902439024
23644	-0.069780487804878
55124	-0.0157317073170732
115294	0.0693170731707317
3669	-0.176219512195122
55970	0.166780487804878
128218	0.0555121951219512
79017	-0.0159512195121951
81552	-0.143951219512195
1978	0.0324634146341463
720	0.127048780487805
10095	-0.0543658536585366
1141	0.0541463414634146
57405	-0.0997073170731707
4435	0.542804878048781
7021	-0.133634146341463
8449	-0.065390243902439
7941	-0.313048780487805
919	-0.145
6510	-0.0204146341463415
55859	1.36573170731707
9798	-0.0887073170731707
25949	0.107170731707317
81930	0.0154878048780488
55379	-0.167268292682927
9246	-0.0738048780487805
4605	-0.0993658536585366
53340	0.19609756097561
9695	-0.0900487804878049
60386	-0.0663658536585366
7162	0.0669756097560976
84930	0.0035609756097561
54585	0.141073170731707
55975	0.000414634146341463
5570	0.281487804878049
387104	0.0849024390243902
56992	-0.0391951219512195
9582	-0.0355365853658537
22820	-0.0444634146341463
833	-0.0273414634146341
5119	-0.0926341463414634
56655	-0.0611219512195122
55614	0.0045609756097561
2947	0.380487804878049
55471	-0.0166585365853659
6790	-0.0114390243902439
84285	-0.0695365853658537
3795	-0.0436341463414634
9289	-0.107121951219512
65094	-0.119829268292683
81563	0.364390243902439
10768	0.165121951219512
27151	0.286560975609756
79913	-0.0455853658536585
9928	0.0286829268292683
3866	0.583951219512195
9589	0.107609756097561
7494	0.122731707317073
2672	-0.0708048780487805
5393	-0.00231707317073171
78995	-0.0627073170731707
54465	0.153658536585366
678	0.0848780487804878
4085	0.000463414634146345
5241	0.590707317073171
403	0.0868536585365854
2015	-0.0526341463414634
23541	0.160658536585366
4100	-0.172609756097561
80219	-0.0263170731707317
29115	-0.0512926829268293
8445	-0.129512195121951
84916	0.00104878048780488
10614	0.0701219512195122
7534	-0.0344390243902439
917	-0.108707317073171
57175	-0.0350731707317073
5222	0.0520731707317073
55958	0.0623658536585366
64423	-0.0064390243902439
10808	-0.100878048780488
90864	0.0595853658536585
60	-0.149024390243902
55248	-0.10319512195122
9212	0.00573170731707317
51693	-0.023390243902439
10279	0.207756097560976
27161	-0.0644878048780488
6451	0.132487804878049
6730	-0.0285365853658537
317781	-0.0510243902439024
55915	-0.0455609756097561
65264	-0.079390243902439
5911	-0.0361707317073171
7771	-0.060609756097561
57088	0.0827560975609756
5152	0.0285365853658537
9056	-0.347219512195122
767	0.403146341463415
55257	-0.0334146341463415
9885	-0.0430731707317073
10744	0.0109756097560976
51256	-0.0489756097560976
11091	-0.0525121951219512
54849	-0.0129756097560976
1503	0.00229268292682927
4288	-0.23890243902439
10139	-0.0400975609756098
121355	0.0629756097560976
10486	0.193073170731707
51365	-0.128
51393	-0.0776585365853659
83892	-0.0892926829268293
4940	-0.239219512195122
2130	0.0133414634146341
25961	0.0101219512195122
4938	-0.201878048780488
2192	0.144439024390244
123263	0.00158536585365854
5705	-0.0477317073170732
3932	-0.072609756097561
2175	-0.140804878048781
79152	-0.082609756097561
2743	0.524682926829268
23318	-0.116707317073171
284069	-0.0292439024390244
55665	0.0210975609756098
23590	0.0184146341463415
23528	0.184390243902439
55255	-0.0514146341463415
728239	-0.0607560975609756
8601	-0.033390243902439
80346	-0.0859512195121951
84775	-0.0485853658536585
89765	-0.0140243902439024
641	-0.0843170731707317
3035	-0.0371463414634146
10606	0.0158780487804878
4794	-0.112121951219512
5655	0.411463414634146
29105	-0.0835365853658536
23367	-0.0588780487804878
3106	-0.273609756097561
1244	0.0629756097560976
3161	-0.104024390243902
27130	-0.0229268292682927
2274	0.43180487804878
24137	-0.0174878048780488
27101	0.0559512195121951
10670	0.0775121951219512
83737	-0.066390243902439
57758	0.136195121951219
5304	0.131536585365854
55605	-0.057390243902439
22996	0.189317073170732
79832	-0.0330487804878049
54981	0.0441951219512195
59277	0.36480487804878
51072	0.0146829268292683
8464	-0.00229268292682927
56942	-0.0572682926829268
2624	-0.0579756097560976
9156	-0.0108780487804878
665	0.248414634146341
79902	-0.106780487804878
3936	-0.108634146341463
116844	0.173414634146341
3476	0.0981951219512195
5174	0.520439024390244
8837	-0.0391951219512195
79075	-0.00631707317073171
9043	0.00202439024390244
79877	0.0788780487804878
9777	-0.0492682926829268
10194	0.132829268292683
2987	-0.0867560975609756
4111	0.0601463414634146
9013	-0.0544146341463415
84879	-0.0265609756097561
84000	-0.0317073170731707
4175	-0.0262439024390244
79600	0.101487804878049
55008	-0.261365853658537
51651	-0.0705609756097561
23603	-0.0297073170731707
84186	0.0814146341463415
27086	-0.0294390243902439
117155	0.221390243902439
2491	-0.0449512195121951
64432	0.0114146341463415
197259	-0.0539268292682927
51056	-0.103926829268293
7730	0.189
140606	0.122853658536585
8379	-0.00990243902439025
51608	-0.112951219512195
463	-0.18009756097561
10874	0.0245365853658537
5902	0.0184634146341463
5873	-0.0568292682926829
29123	-0.0651219512195122
10428	-0.0488048780487805
6888	0.0169512195121951
567	-0.24409756097561
5008	-0.0179268292682927
11004	-0.0379756097560976
6713	0.0406341463414634
10112	-0.0338048780487805
23446	0.11880487804878
54985	0.138487804878049
5713	-0.036780487804878
9140	-0.0455121951219512
83941	0.107121951219512
4644	0.00446341463414634
914	-0.203439024390244
8894	-0.0275121951219512
9793	-0.027219512195122
90737	0.086390243902439
2581	0.0575365853658537
5604	-0.00370731707317073
1198	-0.00870731707317073
134266	-0.0277560975609756
113115	-0.0187073170731707
6788	-0.0103658536585366
23080	-0.10790243902439
23787	-0.0494146341463415
4141	-0.00265853658536586
1788	-0.109390243902439
10785	-0.0101707317073171
4907	0.0172195121951219
26276	-0.0264634146341463
509	-0.0555853658536585
6297	0.17580487804878
51232	0.196341463414634
84138	-0.00414634146341463
51117	0.0515609756097561
5702	-0.0118536585365854
6595	0.0470243902439024
3485	0.26209756097561
10855	-0.0644146341463415
2317	0.0784146341463415
8614	0.484853658536585
148206	0.101585365853659
79866	-0.0508292682926829
54812	0.0153414634146341
10055	-0.0142682926829268
5708	-0.0230487804878049
5831	-0.098219512195122
11274	-0.0533414634146341
1874	-0.0644146341463415
1327	-0.0232439024390244
5718	-0.0191707317073171
54414	0.139731707317073
338328	0.212975609756098
138151	-0.0586341463414634
4256	-0.0426829268292683
146456	-0.0121219512195122
55349	0.122024390243902
8355	-0.0625609756097561
47	-0.0292439024390244
6160	0.12909756097561
54957	0.0380487804878049
3157	-0.0127560975609756
222166	0.163439024390244
56986	0.15409756097561
6836	-0.0315365853658537
116448	-0.00446341463414634
6230	0.174878048780488
23059	0.170926829268293
6185	-0.0214634146341463
1058	-0.0716341463414634
23753	-0.016390243902439
9598	0.0657073170731707
83879	0.0862439024390244
283237	-0.0705365853658537
79139	-0.0384146341463415
2331	-0.179512195121951
1374	-0.023780487804878
57332	-0.0423170731707317
9833	-0.012219512195122
127700	0.12090243902439
90417	-0.00175609756097561
9790	-0.0499756097560976
79789	0.00192682926829269
390	0.401585365853659
23030	0.101219512195122
4102	0.0971463414634146
58495	-0.0111707317073171
3487	0.0623414634146341
5478	-0.0853658536585366
7416	0.0158292682926829
94240	-0.245585365853659
10328	-0.065
26018	0.0988780487804878
11122	0.214878048780488
8864	0.134243902439024
115362	-0.438146341463415
55839	0.0395853658536585
54578	-0.0535609756097561
4860	-0.0713658536585366
11322	-0.120560975609756
26355	0.312243902439024
54836	0.147
10962	-0.00521951219512195
11260	-0.00624390243902439
27240	-0.136731707317073
604	0.0961951219512195
8412	0.0704390243902439
55355	-0.105
915	0.00841463414634146
5696	-0.146878048780488
5447	-0.0297560975609756
4832	0.0299756097560976
51155	-0.242463414634146
23076	0.00160975609756098
7869	0.32019512195122
64147	0.0548536585365854
26040	0.251731707317073
5721	-0.116219512195122
1123	-0.0925365853658537
10403	-0.0682439024390244
58517	0.126536585365854
55638	0.241731707317073
2071	-0.0917560975609756
9401	-0.155756097560976
23177	0.181487804878049
203547	-0.0758780487804878
6833	0.462268292682927
58478	-0.0700243902439024
219445	-0.00875609756097561
84342	-0.0754878048780488
57176	-0.0663414634146341
7227	0.0217073170731707
8309	0.408487804878049
10801	-0.166487804878049
12	0.174487804878049
9355	-0.0459024390243902
3535	0.00934146341463415
1723	-0.000658536585365854
79901	0.361780487804878
10733	-0.0646585365853659
115209	0.073390243902439
23254	0.210292682926829
890	-0.0961219512195122
4199	0.00275609756097561
126823	0.115731707317073
92565	0.204853658536585
51512	0.0139512195121951
7301	0.00443902439024391
83861	0.0541463414634146
81576	0.0882926829268293
5699	-0.173804878048781
367	-0.0823170731707317
5596	0.168658536585366
7480	-0.032390243902439
7706	-0.0801707317073171
8190	0.535731707317073
11047	-0.0595365853658537
6990	0.123048780487805
50807	-0.0453658536585366
4830	-0.0392439024390244
146923	0.153560975609756
6155	0.172390243902439
8269	0.0328536585365854
3620	-0.271317073170732
699	-0.113024390243902
83658	-0.10619512195122
3909	0.276170731707317
55872	-0.107170731707317
6676	-0.0727804878048781
9780	-0.12309756097561
51121	0.181731707317073
84955	-0.0278536585365854
64151	-0.116780487804878
10647	0.181463414634146
942	-0.0799512195121951
353	0.039
549	0.246585365853659
1960	0.148243902439024
4043	-0.0540243902439024
1612	-0.0649512195121951
6814	0.197951219512195
51166	-0.0506341463414634
2017	-0.0383414634146341
8318	-0.0627317073170732
2530	0.085609756097561
10628	0.139243902439024
25901	0.169365853658537
23450	-0.0375609756097561
10048	-0.108926829268293
10807	0.000634146341463412
27235	-0.0160975609756098
4312	0.141780487804878
9319	0.0422439024390244
55812	0.181951219512195
100	0.0535121951219512
6605	0.0723170731707317
6772	-0.285024390243902
9262	-0.123853658536585
55194	0.162487804878049
3638	0.042
16	-0.0348048780487805
9232	-0.00997560975609756
3790	0.237707317073171
54102	0.770512195121951
4751	-0.0987804878048781
54520	-0.0607560975609756
23198	-0.0342926829268293
81603	0.0618292682926829
79019	-0.00387804878048781
83719	0.122414634146341
6472	-0.0389268292682927
84085	0.178682926829268
113130	-0.16190243902439
55640	-0.0757073170731707
9823	0.119390243902439
10626	-0.0627560975609756
51659	-0.0716829268292683
5933	-0.0306585365853659
3735	-0.0270487804878049
8317	-0.0123414634146341
1580	0.40119512195122
349149	0.217487804878049
983	-0.0222682926829268
10561	-0.244975609756098
54478	-0.0780975609756098
3983	0.0718048780487805
84572	0.0405853658536585
10213	0.009
23519	0.00441463414634147
51203	-0.102780487804878
5433	-0.0449268292682927
3005	0.198756097560976
2617	-0.0573414634146341
597	-0.085780487804878
10210	0.124878048780488
57127	-0.0936585365853659
594	0.207024390243902
84148	0.15880487804878
55840	-0.0516829268292683
94056	-0.0495609756097561
148156	0.0661707317073171
1861	-0.0794146341463415
29957	0.178585365853659
9636	-0.332707317073171
4600	-0.100146341463415
5698	-0.149609756097561
4103	0.0569268292682927
284273	0.0421951219512195
55966	-0.108243902439024
84525	-0.101878048780488
51726	-0.0219024390243902
205564	-0.0782439024390244
7371	-0.0372195121951219
9034	-0.179463414634146
4796	-0.0088780487804878
57674	-0.152926829268293
55635	0.0456829268292683
9493	-0.0859024390243902
246243	0.012609756097561
5230	0.0308292682926829
10574	-0.00617073170731707
4602	0.0793170731707317
9425	-0.0775121951219512
6232	0.219170731707317
55143	-0.00619512195121951
1075	-0.00312195121951219
5586	0.0147073170731707
