entrez_id	centroid
57180	0.71833189105221
54443	0.537372300595531
573	-0.574506867003171
596	-0.118760430362242
332	0.300488641307438
644	-0.642677513396256
891	0.19120814323335
898	0.5602710279181
991	0.399695241707236
990	0.159418279239843
83540	0.472400167554248
1001	0.508362012467715
1063	0.482976287851816
55165	0.567748893765426
51523	-0.92038581344894
1956	-0.0304168492933523
2064	-0.808353979685898
2099	-2.74651308572764
9156	0.42809035571695
2264	-0.271238025272568
3169	-2.62694672123675
2296	1.49045147226633
26996	-1.05497467201534
2886	-0.27612858579261
11004	0.203572580112815
10403	0.600356166736404
3861	0.0968267225951578
3872	0.482565528200505
3852	0.506640416426025
4137	-0.42582927334418
4193	-0.251366205388229
9833	0.523033872432266
8190	1.57827636824347
4288	0.476537447819512
79083	-0.339972458833524
4320	-0.556037671980059
4605	0.389893451959192
4609	0.178763812453212
9	-0.936848945968056
23594	0.216304796525868
5241	-0.429133388609156
26227	0.634518869785175
9232	0.264131894483995
6241	0.156204675747248
6422	0.98798845910263
25800	-1.05112505157325
120224	-1.10945818050443
7298	0.449800897311564
11065	0.218534146535747
29089	0.389908898288675
