entrez_id	centroid
2	0.669201834862385
26154	-0.0694403669724771
3983	-0.0682935779816514
641371	-0.088954128440367
84830	0.356137614678899
84803	0.486229357798165
9447	1.18183486238532
220	0.329669724770642
247	0.399091743119266
288	-0.168339449541284
375248	-0.0759449541284404
339416	-0.140165137614679
306	-0.233880733944954
653145	-0.0439908256880734
10053	-0.563036697247706
9582	0.183660550458716
8542	0.0846880733944954
9938	0.657935779816514
23779	-0.222009174311927
641522	-0.0701284403669725
419	0.315321100917431
9048	-0.0254495412844037
286554	-0.151880733944954
624	-0.0927798165137615
633	0.200266055045872
638	-0.681871559633027
274	1.16063302752294
684	0.488348623853211
11067	0.496550458715596
10974	-1.10033027522936
55337	0.767073394495413
79098	-0.337412844036697
717	1.63434862385321
719	1.31923853211009
760	1.1285504587156
768	0.202
57863	0.0881376146788991
816	0.294009174311927
834	1.11547706422018
80212	0.222788990825688
6352	3.35738532110092
894	1.11563302752294
1230	0.914477064220183
999	-2.10889908256881
1009	0.988743119266055
1000	0.136137614678899
1001	-0.053302752293578
1026	0.261798165137615
1031	0.0863669724770642
1040	-1.15671559633028
634	-0.0303669724770642
1952	-0.785889908256881
629	0.235623853211009
3426	0.383532110091743
1117	0.356788990825688
1123	0.388045871559633
548596	-0.484577981651376
1159	-0.198743119266055
9076	-0.0789266055045871
1191	-0.0411100917431193
1308	0.716614678899083
1278	0.435256880733945
1281	0.36656880733945
1290	0.532238532110092
51226	0.318807339449541
11151	2.35944036697248
90993	-0.0740550458715596
1410	0.502146788990826
64651	0.833284403669725
1474	-0.0150917431192661
1490	0.309963302752294
1491	-0.0633853211009174
1513	1.1
1515	-0.314688073394495
1525	-1.19966055045872
3627	3.1537247706422
6373	0.52551376146789
58191	0.804788990825688
79901	0.308688073394495
1594	0.318825688073395
57834	0.318990825688073
1634	1.44719266055046
780	-0.435165137614679
4921	0.323348623853211
23586	0.723577981651376
79132	0.619201834862385
10395	-0.197889908256881
1746	-0.0938623853211009
11080	0.104440366972477
5611	0.32448623853211
1805	1.66707339449541
1824	-0.202422018348624
1830	0.265440366972477
667	0.0181651376146789
11221	0.36197247706422
1847	-0.10743119266055
1875	-0.131899082568807
1893	0.916990825688073
1958	0.962844036697248
22936	0.494110091743119
79767	-0.901752293577982
55068	0.000440366972477064
5168	1.79328440366972
54566	-0.339302752293578
4072	-0.895954128440367
2041	-0.326688073394495
94240	2.63412844036697
79956	-0.447174311926606
54206	-0.404220183486239
54845	-0.514917431192661
80004	-0.0571192660550459
23086	-0.338311926605505
50848	-0.265403669724771
9415	-0.010605504587156
26049	-0.0943394495412844
84141	0.318678899082569
54757	0.558477064220184
54855	0.924155963302752
2191	0.902908256880734
2196	0.0938440366972477
2192	0.392449541284404
10516	0.753440366972477
2200	0.126036697247706
84824	2.98346788990826
10979	0.0186238532110092
9982	-0.0225321100917431
2263	-0.0908440366972477
2261	-0.675073394495413
10875	2.4733119266055
11259	0.514366972477064
79584	-0.196642201834862
10468	0.207256880733945
11167	0.369880733944954
7976	-0.300119266055046
2633	2.38044036697248
115361	2.67717431192661
115362	2.86925688073394
2669	1.28562385321101
2707	-0.0610825688073394
27165	-0.0279724770642202
84656	-0.147733944954128
2774	-0.0619633027522936
92344	0.00262385321100918
166647	-0.190321100917431
26585	0.252238532110092
79977	-1.15597247706422
3037	0.182697247706422
1839	1.20971559633028
85236	-0.65105504587156
8370	0.177128440366972
3115	2.4091376146789
3122	1.93173394495413
51361	-0.973247706422018
9956	0.922779816513762
441051	-0.017954128440367
3303	-0.852394495412844
3620	2.34237614678899
3429	2.0808623853211
10437	1.68689908256881
3430	1.20428440366972
3433	1.65556880733945
8519	1.23119266055046
3485	-0.932
3486	0.167577981651376
3487	0.13954128440367
3606	-0.419293577981651
3553	1.75303669724771
3557	0.527449541284404
3566	0.197275229357798
3664	-0.815238532110092
50805	0.0778990825688073
3691	-0.352587155963303
3714	-0.320963302752294
3728	-0.689908256880734
25959	0.519302752293578
3775	-0.258009174311927
9674	-0.0649724770642202
3805	0.380990825688073
5655	-0.106440366972477
25818	0.433844036697248
5650	0.134302752293578
11202	-0.078
3861	0.674211009174312
3866	0.628018348623853
3868	0.0955412844036697
3872	0.0586880733944954
3875	-0.70056880733945
3852	0.469880733944954
3854	0.243174311926606
3887	0.697311926605505
3898	-0.312357798165138
55214	0.258146788990826
3963	-0.00528440366972478
3965	1.51522018348624
654346	0.368623853211009
29995	0.541550458715596
146336	-0.000981651376146787
84171	0.745155963302752
55791	-0.017348623853211
4036	0.597449541284404
55227	-0.322082568807339
55073	-0.0598348623853211
51599	-0.217467889908257
4052	0.0338348623853211
79083	-1.71236697247706
4311	0.148495412844037
4312	0.359376146788991
4326	-0.043954128440367
4313	0.588275229357798
117196	-0.0732018348623853
4486	-0.49351376146789
4084	0.051394495412844
10398	-0.0851192660550459
4642	-0.0454770642201835
55930	-0.742779816513761
4671	0.0818256880733945
10397	-0.0799174311926606
10529	-0.422192660550459
23327	-0.829110091743119
4741	-0.0938623853211009
4811	0.397394495412844
10874	0.137330275229358
7025	0.826651376146789
9315	0.286770642201835
8829	0.687229357798165
54830	-0.071954128440367
8638	1.17509174311927
64859	1.09284403669725
4950	-0.0605963302752294
56944	0.971229357798165
5027	0.693596330275229
55872	-0.51843119266055
64881	0.428229357798165
5118	0.973211009174312
5126	-0.0675596330275229
56034	0.108889908256881
5157	0.924807339449541
64065	-0.629825688073394
51050	1.08533944954128
5266	0.682477064220184
8503	-0.184467889908257
7941	1.96800917431193
55857	-0.0507706422018349
1263	0.0457981651376147
5357	-0.357788990825688
5376	0.516073394495413
10622	-0.0988807339449541
10631	0.708036697247706
8613	0.821348623853211
8493	0.142834862385321
152926	0.114844036697248
85441	1.12512844036697
5583	0.770532110091743
51334	0.178165137614679
553158	-0.0197981651376147
79056	-0.486449541284404
5396	0.393045871559633
5652	-0.978412844036697
5732	0.691880733944954
5764	0.147082568807339
5774	-0.584275229357798
5806	-0.0538073394495413
25945	0.352899082568807
57111	-1.55171559633028
11069	-0.0582477064220183
5920	0.942128440366973
25780	0.795917431192661
342931	-0.0885504587155963
23179	1.24109174311927
5999	0.73405504587156
79651	0.386266055045872
29984	-0.966770642201835
6019	0.176211009174312
6035	1.43052293577982
79589	-0.0187889908256881
4919	0.347275229357798
6195	0.119577981651376
91543	1.3723119266055
51750	-0.0933853211009174
64108	1.21532110091743
57402	-0.857880733944954
6278	0.908045871559633
6279	2.38080733944954
6288	0.630623853211009
6289	0.00709174311926605
619383	1.46717431192661
51097	-0.280376146788991
6402	2.74511009174312
9037	0.336963302752294
1992	0.750009174311927
5055	-0.0254311926605505
29950	0.0552110091743119
83667	-0.0442385321100917
10045	-0.282064220183486
6563	0.00105504587155964
51296	1.79405504587156
56606	0.151394495412844
386757	-0.340422018348624
6535	-0.388990825688073
6590	-0.318266055045872
27293	-0.157036697247706
6622	0.72194495412844
85389	0.0531192660550459
85391	-0.076394495412844
29887	0.816385321100917
57405	-0.194981651376147
10653	-1.03882568807339
6695	-0.0719266055045872
6696	0.644284403669725
6698	0.0778990825688073
6699	-0.129220183486239
5552	2.78015596330275
6768	-0.406422018348624
6769	-0.0766880733944954
55620	-0.459284403669725
90627	-0.0860366972477064
6773	0.334348623853211
6781	0.188825688073394
9262	0.593477064220184
6850	1.69669724770642
81493	0.0737889908256881
8871	-0.155825688073395
6876	-0.126146788990826
414059	-0.362348623853211
6926	-0.191834862385321
7018	1.00043119266055
7041	0.00511926605504587
7056	0.127238532110092
7070	0.512899082568807
7098	0.257550458715596
51284	1.92734862385321
55281	1.43236697247706
23670	0.220577981651376
161291	-0.942091743119266
55287	-0.0746330275229358
28983	-0.0867247706422018
56649	-0.0797706422018349
7130	0.126036697247706
8771	0.686091743119266
8743	0.315935779816514
10673	2.33369724770642
64759	0.498091743119266
7161	-0.132247706422018
7168	-0.435577981651376
9697	0.538412844036697
23650	-0.12243119266055
7220	0.0611743119266055
10194	0.0149174311926605
10103	-0.0196422018348624
64061	0.0454495412844037
7267	-0.294174311926605
7846	0.029045871559633
7345	0.676091743119266
7358	-0.372266055045872
81622	0.666788990825688
7412	1.2623119266055
7431	0.654899082568807
7447	0.0621009174311927
22911	-0.0744036697247706
7474	0.0132660550458716
23286	-0.777110091743119
7498	0.232238532110092
64131	-0.0556788990825688
79413	1.00018348623853
253461	0.155688073394495
219654	0.572256880733945
6935	0.321660550458716
7718	-0.578862385321101
7757	-0.0827798165137615
84622	-0.116467889908257
