entrez_id	centroid
57508	0.472857142857143
90326	0.147142857142857
55857	0.134285714285714
200523	-0.127857142857143
146434	-0.076
57405	0.146428571428571
644267	0.657142857142857
26548	-0.1745
58487	0.365
9493	0.293571428571429
6636	0.17
6635	0.257857142857143
116211	-0.207142857142857
9258	-0.162571428571429
257000	-0.351428571428571
89882	-0.0936428571428571
8365	0.37
65125	-0.105714285714286
9456	-0.380071428571429
7572	0.365714285714286
79861	0.0493571428571429
64710	0.410714285714286
3557	-0.405
9662	0.0757142857142857
7471	-0.142214285714286
2617	-0.129285714285714
23020	0.273571428571429
51258	0.296428571428571
3035	0.109285714285714
8727	0.237857142857143
55810	0.231428571428571
1421	-0.205714285714286
4259	0.473571428571429
4835	0.423571428571429
7832	0.00928571428571429
10038	0.175714285714286
55089	-0.151214285714286
7156	-0.0992857142857143
84229	-0.200071428571429
54733	-0.137142857142857
9129	0.245
79774	0.428571428571429
318	0.357142857142857
10151	0.199285714285714
51129	-0.551428571428571
6773	-0.171428571428571
6117	0.141428571428571
10401	0.323571428571429
80022	-0.312857142857143
5889	0.423571428571429
8361	0.433571428571429
648164	0.677857142857143
6827	0.254285714285714
5932	0.364285714285714
51659	0.448571428571429
84669	0.515
3248	0.0278571428571429
55506	-0.262142857142857
27347	0.400714285714286
55798	0.565714285714286
2139	0.830392857142857
