entrez_id	centroid
595	0.632234042553191
890	-0.356468085106383
983	-0.440042553191489
994	-0.24036170212766
995	-0.354468085106383
1026	0.703063829787234
1033	-0.601531914893617
1063	-0.581659574468085
1163	-0.0649361702127659
1643	0.403382978723404
2305	-0.202787234042553
2625	0.673851063829787
3833	-0.448255319148936
4085	-0.479127659574468
4172	-0.213808510638298
4288	-0.179936170212766
4521	-0.262297872340426
4605	-0.817340425531915
4756	0.276851063829787
5424	0.0726808510638298
5550	0.0718936170212766
5984	-0.093936170212766
6416	0.596021276595745
6790	-0.658148936170213
6890	-0.367872340425532
7153	-0.467914893617021
7277	-0.0737021276595745
7832	0.706723404255319
7844	0.215510638297872
8836	-0.643148936170213
9232	-0.827
9319	-0.522787234042553
9338	0.657595744680851
9493	-0.436382978723404
9520	0.529276595744681
9674	0.64131914893617
11065	-0.731617021276596
23048	0.303042553191489
25800	1.48972340425532
29028	-0.464191489361702
29781	-0.140234042553191
51313	0.753297872340426
54069	-0.212957446808511
55165	-0.446446808510638
55536	0.038468085106383
56204	0.924957446808511
83464	0.639872340425532
400043	0.231531914893617
