entrez_id	centroid
57180	-0.190551327982217
54443	0.0988041789187431
573	-0.405458622327578
596	-0.44133949784535
332	0.603850776734403
644	0.691204961687021
891	0.503176357566503
898	-0.016661429525915
991	-0.0704124657384466
990	0.510895969130001
83540	0.589626882663298
1001	-1.41913443744317
1063	0.2782285563933
55165	0.460015762468336
51523	0.321335019875456
1956	-0.412401259011741
2064	0.159651873930408
2099	1.60589991409782
9156	0.141241281899209
2264	-0.247036037777853
3169	0.360757794789733
2296	-1.56485496402643
26996	0.714407601174597
2886	0.0877508871181497
11004	-0.18289071282855
10403	0.386706843524287
3861	-0.639446965945955
3872	-1.46374293365444
3852	-0.911607270494262
4137	-0.19034057442467
4193	-0.133779036556646
9833	0.447934629706117
8190	-1.42292626721177
4288	-0.145217867594777
79083	-0.456149914938842
4320	0.33419930855919
4605	0.467281990134531
4609	0.0152643973204342
9	0.47078804194848
23594	0.110627650250106
5241	-0.448839843849832
26227	-1.0301393182175
9232	0.24972528073098
6241	0.350663839755693
6422	-1.72045826151304
25800	1.65330302214459
120224	0.375688226418575
7298	0.492606521200551
11065	0.292799305558851
29089	0.738952133209629
