entrez_id	centroid
595	-0.897875
890	0.379333333333333
983	0.51825
994	0.3494375
995	0.303166666666667
1026	-0.308458333333333
1033	0.0557916666666667
1063	0.596520833333333
1163	0.279958333333333
1643	-0.542979166666667
2305	0.495
2625	-1.55416666666667
3833	0.345916666666667
4085	0.3298125
4172	0.185395833333333
4288	0.0825208333333333
4521	0.1610625
4605	0.70575
4756	-0.561083333333333
5424	0.0187708333333333
5550	0.096875
5984	0.183
6416	-0.488895833333333
6790	0.485395833333333
6890	0.42525
7153	0.375625
7277	0.1011875
7832	-0.820208333333333
7844	-0.2993125
8836	0.891104166666667
9232	0.41925
9319	0.561020833333333
9338	-0.272729166666667
9493	0.348416666666667
9520	-0.3234375
9674	-0.492395833333333
11065	0.249375
23048	-0.0746458333333333
25800	-1.10639583333333
29028	0.287208333333333
29781	0.0583333333333333
51313	-0.584395833333333
54069	0.311166666666667
55165	0.278854166666667
55536	0.156916666666667
56204	-0.568416666666667
83464	-0.324958333333333
400043	-0.171979166666667
