entrez_id	centroid
57180	0.465722870515964
54443	-0.83693959305506
573	0.316552972849696
596	0.533978871455655
332	-0.876636423925443
644	-0.163412811613957
891	-0.545269311937199
898	-0.255476058116241
991	-0.0455048098566988
990	-0.595752175354644
83540	-0.370533364608738
1001	0.757920623508959
1063	-0.0705830752611994
55165	-1.16237418628659
51523	0.0509014360369965
1956	0.341637082320563
2064	-0.870238456252032
2099	-0.418282349385733
9156	-0.4507805368292
2264	0.857472776645833
3169	-0.782812106272943
2296	1.11154786423416
26996	-0.423568467196315
2886	0.241710990681836
11004	-0.39001448398055
10403	-1.06962886016236
3861	1.73568631016155
3872	1.75959843723177
3852	1.78511689525264
4137	0.117828498493485
4193	0.274214010559593
9833	-0.743764675552645
8190	2.03885955577086
4288	-0.166004063281183
79083	0.750758364744867
4320	-2.32698511905842
4605	-0.601704754297017
4609	1.02917620291809
9	-0.363273764184013
23594	-0.255879493250552
5241	0.126011481678608
26227	0.66043775260378
9232	-0.549781259548456
6241	-1.12105492950754
6422	2.43628866770475
25800	0.116889693935195
120224	0.0362089142863473
7298	-0.726989454321298
11065	-0.40889468512475
29089	-0.952381005370445
