entrez_id	centroid
57180	-0.481665674726704
54443	0.26693160932886
573	-0.476072868053812
596	-0.157913959232179
332	0.405733099101299
644	0.335336040994047
891	0.135476651890144
898	0.0668722320900592
991	0.00835552010412316
990	0.589006820321944
83540	-0.0238192070320764
1001	0.210889691612697
1063	-0.0292661598656275
55165	0.276381021673186
51523	-0.241550612126531
1956	-0.0963826205261192
2064	1.75984423053252
2099	-1.51311125337343
9156	0.0492971938541269
2264	0.821778152444019
3169	0.0228271511969584
2296	-0.947174191636912
26996	0.583194826166968
2886	1.03065778049362
11004	-0.165102048401172
10403	0.0425467918407693
3861	-0.443646142118489
3872	-0.337837101113602
3852	-0.42826177758168
4137	-0.357506541134998
4193	-0.106728680574222
9833	0.198013114679137
8190	-0.90489862111629
4288	0.065662359566943
79083	-0.19522865798143
4320	0.5067587600346
4605	0.205263580428381
4609	-1.04683283160474
9	-0.0899884918164858
23594	0.204402449297876
5241	-0.279409915717406
26227	-0.18662586220322
9232	0.055809894817994
6241	0.68272488919714
6422	-1.04820266695367
25800	-0.695736456552694
120224	1.33063617180581
7298	0.05294489694821
11065	0.0610805976997803
29089	0.28453681332228
