entrez_id	centroid
25816	0.0442941176470588
9452	0.453647058823529
8564	-0.710411764705882
1847	-0.0814117647058824
5920	-0.140823529411765
54829	-0.0882352941176471
51561	-0.0151764705882353
347	1.12217647058824
1280	0.353705882352941
8190	0.00535294117647059
1043	0.159588235294118
5654	0.689117647058824
5698	-0.0173529411764706
5730	0.974882352941177
8743	0.0120588235294118
3002	0.0586470588235294
6373	-0.257647058823529
10563	-0.103
6279	-0.308
3620	-0.108529411764706
6422	0.279588235294118
6352	-0.0130588235294118
8942	-0.503117647058824
9517	-0.559705882352941
64108	-0.000176470588235302
2296	-0.423588235294118
3868	-0.823117647058824
