entrez_id	centroid
12	0.634045868
113	0.152212433
135	-0.290759811
153	-1.702506372
199	0.207843845
203	0.694477973
215	0.870783277
218	-0.868757164
222	0.043050165
225	-1.285576975
239	-1.395119349
240	-0.088815255
242	-1.203889307
272	-0.395932768
284	-0.43901108
311	1.151804163
313	-0.315812906
330	-0.014717611
355	-0.290154012
356	-1.075417146
382	1.138464109
395	-0.756704673
397	0.739757753
399	-0.583105488
419	-1.044029454
427	1.532124051
430	-1.133789534
490	0.760186092
526	1.486775892
527	1.38855237
535	1.138780561
567	2.042343946
571	0.699043782
586	-0.330220232
608	-1.319622146
638	-1.229789617
639	-0.251580586
640	-1.299397077
643	-1.137803275
695	-0.131976303
710	0.996747506
712	1.09872749
713	1.130726927
714	1.09911923
718	0.374600888
719	-0.205391346
720	0.270192853
730	-0.853181484
752	0.395387439
816	-1.229737956
822	0.991575047
825	1.049186678
843	-0.290418022
863	-0.606507348
864	0.852569678
871	1.472458042
912	-1.138497022
914	-0.08004543
915	-0.441630746
916	0.074819907
917	-0.986557891
919	-0.476549579
920	0.756268719
921	-0.378552501
922	-1.362857961
923	-0.231274957
924	-0.233962092
925	0.000714614
926	-0.577318329
930	-1.151486297
931	-0.859551212
939	-0.162479468
940	-0.500783663
941	-1.157416508
942	-0.069207434
943	-1.227045213
944	-0.955448015
945	-0.783979281
949	1.187557194
951	0.237007857
952	-0.598907828
958	-0.15129204
959	-1.313670953
962	-0.013548455
963	0.461146174
969	-0.773145205
971	-0.303936915
972	2.148510326
973	-0.337038816
975	1.898944013
999	0.707955022
1001	0.567883275
1017	1.323218724
1041	-0.610530778
1043	0.04573481
1050	0.059630526
1186	1.486350048
1193	-0.465896874
1209	1.439887166
1230	-0.191438565
1233	-1.371213011
1234	-0.161926327
1235	-0.939527037
1236	-0.514736686
1237	-1.640982917
1240	-0.052284935
1244	-0.162904122
1269	-1.755764514
1298	-0.28995696
1299	0.208059463
1308	-0.346189231
1363	0.136474932
1378	-0.622153464
1380	-1.134013561
1404	-1.203906287
1435	0.230208585
1436	0.328880361
1439	-0.024088293
1462	0.866628953
1474	-1.114281753
1476	1.348099013
1509	2.137937929
1512	1.06237307
1515	-0.195994602
1520	0.91521367
1521	-0.351836847
1536	0.509162002
1540	0.446787862
1545	-0.324854094
1612	0.758291969
1613	0.82556605
1672	-1.150978451
1731	-0.166419032
1742	0.123516536
1745	-0.48345998
1746	-1.224919258
1747	-0.992773229
1770	-0.9887737
1776	-1.197953917
1794	0.261992596
1806	-0.330185844
1825	-0.343931391
1836	0.855928995
1845	1.117855401
1880	-0.681590404
1902	-0.652730351
1944	-0.083064713
1999	-1.043728642
2015	-1.569405121
2021	0.105689808
2037	0.599922673
2041	-1.194577503
2042	-0.357206601
2049	0.237675304
2123	-0.330479654
2124	0.172957141
2125	-0.358215483
2185	0.388216597
2196	-0.016372971
2208	-1.432502742
2209	-0.638710475
2210	-0.648351493
2212	0.596439665
2214	0.684686413
2239	-0.065189998
2247	-0.207779647
2252	-0.82405849
2261	-0.304929768
2273	0.181230521
2289	0.335199099
2313	0.093519417
2315	1.26295959
2321	0.427347486
2322	-1.46611711
2346	-0.591230433
2359	-0.175313855
2495	2.19682956
2498	0.324377987
2524	-0.880908011
2529	-1.212339107
2533	0.375634291
2596	-1.298254383
2625	-0.667241672
2633	0.663100138
2634	0.536067922
2643	-0.133927875
2650	-0.625254469
2651	0.484033969
2668	-1.355101256
2681	-0.654568104
2707	-0.871150782
2709	-1.136619589
2760	1.236295992
2766	0.665982448
2774	-0.052058574
2793	-1.03256685
2810	0.105165858
2829	-1.800741563
2833	-0.476595308
2841	-1.074858042
2846	-1.7742256
2857	-0.878341836
2877	-1.265644096
2886	-1.380584155
2889	1.10044169
2893	-1.704018124
2997	1.096223899
2999	-0.763817259
3001	-0.398021663
3002	-0.414390523
3003	-0.478927094
3034	-1.319994849
3055	0.171159938
3059	0.517969248
3071	0.279462423
3075	0.290145613
3082	-1.285709686
3101	-0.639126813
3105	2.220238137
3109	0.628795406
3111	0.369957509
3112	-0.765789509
3113	1.348669781
3115	1.1855384
3116	-1.500822137
3117	0.766343341
3118	0.107107982
3120	-0.425980612
3122	1.639597073
3133	1.746313039
3134	0.932498936
3135	-0.189749851
3136	1.156165613
3163	0.920433763
3200	-0.503738482
3236	-1.324361542
3237	-1.719702238
3239	-0.382140645
3257	1.003946435
3290	-0.937485125
3385	0.373118774
3394	0.050612184
3426	-0.206961923
3455	0.280045116
3458	-1.440859857
3485	0.727812911
3486	1.13202587
3512	0.173118419
3559	-0.666390409
3560	0.21464131
3561	0.277264216
3575	-0.80905438
3580	-0.755279535
3587	0.35466243
3594	-0.435232182
3598	-0.728776461
3600	-1.185498472
3601	-0.344936944
3603	0.676887954
3604	-1.043471345
3613	0.464111525
3620	-0.324353788
3627	0.114461614
3635	0.268025916
3656	-0.644126009
3659	0.668257187
3660	0.560207731
3662	0.818463781
3672	0.044585892
3676	-0.262715352
3683	0.231831053
3684	-0.211996178
3689	0.894194053
3690	0.705506345
3694	-1.235840389
3695	0.012638442
3702	-0.41335368
3707	1.286753972
3708	0.137168485
3717	-0.100284876
3718	0.025849081
3737	-1.337709386
3738	-1.060691909
3778	-0.685552268
3815	0.897265157
3820	-1.129372774
3824	-0.985278385
3852	0.567409301
3853	0.516914142
3854	0.331366089
3858	0.974357708
3861	0.625052307
3866	-0.57261172
3868	0.209857227
3872	0.384837719
3902	-0.196559064
3903	0.271098848
3910	1.277775136
3912	1.408683661
3915	1.579315797
3930	0.41535287
3932	-0.188268424
3936	0.995425464
3937	0.094796022
3957	-1.223778713
3958	1.540359683
3965	0.384463163
3977	-0.640270037
4005	-0.33532208
4033	-0.597907309
4049	-1.223894359
4050	-0.314948656
4063	-0.801254834
4064	-0.345934544
4065	-0.285546375
4067	0.385388966
4068	-0.773175923
4069	0.97117098
4070	-0.232553283
4118	-0.14905731
4121	-0.306555689
4130	0.245572281
4149	0.882077917
4155	1.324285026
4215	0.872293971
4223	-0.709556336
4242	-0.081929223
4259	0.954893319
4261	0.089617248
4283	0.55778581
4286	1.276047152
4308	0.182101555
4325	-0.141003688
4332	-0.31524929
4481	-0.066587352
4542	0.274235409
4598	0.432651807
4642	1.247610391
4647	-0.412908345
4665	0.960074926
4693	-1.611543516
4702	0.745126294
4716	0.964099466
4811	1.160874293
4818	-0.110627525
4885	-0.470695133
4935	0.666474116
4948	0.197798051
5017	-0.93097858
5063	-1.867590877
5079	-1.50778388
5101	-0.341736276
5118	0.96196321
5133	-0.654291336
5137	-1.634572636
5147	0.387734425
5148	-0.847437231
5184	1.022993253
5218	-0.325230295
5243	-0.917741632
5255	-0.446043424
5266	-0.381848816
5292	0.399735173
5293	0.884971481
5294	-0.553239011
5296	1.165579572
5305	0.938973013
5307	-0.990513421
5317	0.044108729
5341	0.309566817
5368	-1.441184545
5396	0.587344798
5450	-0.465005638
5452	-0.321737244
5551	-0.012575747
5552	0.441135118
5563	-1.382971942
5578	0.53188353
5579	-0.05215678
5583	0.371688203
5588	-0.860010476
5625	-0.213999977
5652	-0.872814432
5655	-0.665673511
5696	1.005865639
5698	0.517715449
5699	0.754446415
5720	1.124934608
5724	-0.489415262
5732	-1.020071003
5734	-0.270876721
5753	-0.311298942
5764	-0.665125405
5777	0.37818604
5778	-0.019112052
5788	0.368325921
5790	-0.028035568
5791	-0.120726853
5800	-1.047634194
5818	0.720297381
5833	0.632692287
5869	1.349118218
5873	0.856433783
5877	0.53089595
5880	0.545674865
5906	0.580958172
5912	0.913101537
5918	-0.562879616
5920	0.16684185
5923	-0.522971108
5973	0.838507019
6039	0.042700783
6183	0.705166479
6252	-0.915180187
6273	0.076835623
6279	0.299158312
6283	-1.613164412
6286	-1.279902991
6303	1.363093387
6304	-0.081828703
6335	-0.975813248
6337	-0.832099492
6338	-1.425572226
6351	-0.276868201
6352	0.500747298
6361	-1.193456868
6362	-0.038087252
6363	-0.327829476
6367	-0.865601663
6373	-0.578914702
6375	-1.423350717
6383	0.648985892
6402	0.044418174
6404	0.323695804
6441	-1.565471939
6490	2.171956696
6503	0.14904143
6504	-0.828328009
6518	-0.556301266
6520	1.666185188
6526	0.792296335
6539	-0.772208379
6546	-0.290457288
6559	-1.835320066
6590	-0.445770971
6591	0.854392189
6615	-0.376780006
6629	0.793938569
6641	0.580135316
6653	0.082368775
6664	-1.34594014
6665	-0.722796214
6689	-0.945576627
6693	-0.101978368
6703	-0.664226907
6715	0.313393984
6737	0.363954697
6744	1.123430261
6772	1.531419203
6773	1.241628966
6775	-0.767849381
6809	0.799986822
6820	-0.617931106
6846	-1.332145993
6868	0.49181076
6890	1.313750614
6891	1.156484229
6916	-0.20372247
6925	0.059006466
6935	0.200661968
7020	1.217372558
7035	-0.295762218
7039	-0.469965052
7051	-0.630737006
7053	-1.111062661
7097	-0.229339513
7099	-0.245341037
7106	1.009902356
7117	1.361959421
7124	-1.181948607
7133	0.639749919
7150	1.043189547
7186	0.439215881
7299	1.470051494
7306	1.378648536
7318	0.306188913
7384	1.419707159
7409	-0.146700911
7412	0.248638207
7422	0.697369493
7453	1.816120495
7454	0.043170011
7462	-0.106669504
7535	-0.379914049
7539	-0.759754411
7634	-1.731815404
7726	0.870726449
7805	1.166380705
7852	0.213787331
7903	-0.460326807
7991	0.46525119
8013	0.002472754
8091	-0.117456146
8115	-1.203312153
8140	1.670479305
8214	0.491107371
8270	0.607529332
8320	-0.283468746
8321	0.539805928
8379	1.048491602
8418	-0.95717702
8477	-0.583889339
8490	0.621059688
8514	0.905761762
8528	-1.581388592
8530	-0.170337076
8542	0.472102585
8600	-1.747825741
8631	-1.186421808
8651	-0.566182142
8676	-0.169432615
8698	-0.670602763
8704	0.913231368
8705	-0.069728273
8740	-1.689203171
8743	-0.116666396
8755	1.494402463
8760	0.734237479
8764	1.178718111
8778	-0.899725483
8796	-1.012296036
8807	-1.482578362
8829	0.395281784
8832	-0.447451317
8843	-1.457780872
8875	-0.849980874
8909	-1.296065015
8986	0.775210799
9022	-1.182789632
9034	-0.690596624
9046	-0.062798944
9051	-0.440094142
9056	0.196710066
9103	-0.680786537
9111	-0.1308676
9185	-0.242030413
9200	-0.135242883
9214	0.209065852
9235	0.475191977
9267	0.676434836
9331	0.326051006
9332	0.208462854
9348	-1.52861381
9368	0.609240676
9446	1.130406479
9448	1.392065496
9450	-0.325401493
9452	-0.423796679
9459	0.035644958
9472	0.341479734
9473	0.494229749
9495	-0.707394361
9514	-1.213946792
9535	-0.14261205
9580	0.996710708
9595	-0.258420923
9601	1.431989048
9603	0.156608026
9635	-0.378935932
9651	-1.002310113
9674	-0.033094866
9679	0.935169613
9715	-1.125803538
9732	0.255345083
9744	-0.272567962
9746	0.264114332
9750	0.272108317
9760	-0.525848023
9806	0.366272305
9834	-1.267756771
9840	-0.977718866
9844	-0.157194155
9851	0.129064769
9865	-0.09247899
9881	-0.087445584
9914	-1.257069411
9934	-1.308419008
9938	0.098773445
10003	-1.351133676
10045	-1.029747876
10053	-1.208175541
10068	0.300962849
10082	-0.259718679
10085	-0.812570632
10089	-1.04700153
10121	1.121549037
10125	-0.399869954
10130	1.541462363
10133	0.868422153
10148	-0.698248022
10152	0.837915442
10154	0.794660129
10158	-0.924851318
10223	-1.961918165
10225	-0.388990702
10234	-0.968578276
10235	-0.593377857
10253	0.932445902
10261	-0.352295458
10265	-0.063640993
10288	-0.113387042
10298	1.019084499
10320	0.02866976
10326	0.192572943
10346	0.433880512
10351	-0.543306777
10362	1.367135399
10371	-0.250388067
10379	0.760675625
10458	1.045990209
10477	0.741067903
10493	1.868363127
10507	0.102526342
10537	0.250986413
10538	-0.259249815
10555	1.016259443
10563	-0.304545727
10578	-0.618929347
10629	0.395391512
10663	-0.511376128
10666	-1.088526656
10673	-0.815590661
10761	-1.731862217
10800	-1.141781019
10809	0.324516063
10859	-0.277231459
10863	-0.747991186
10866	0.24991522
10870	-0.142148477
10871	-1.09620796
10875	-0.200043599
10907	0.877414079
10962	0.149605813
10981	0.743680259
10994	1.223334925
10999	0.91361674
11001	-1.439902989
11005	-0.344938987
11006	0.174088177
11010	-0.311280185
11024	-1.790160233
11040	0.472286876
11072	0.628325991
11082	-0.389622244
11092	0.017424981
11096	-0.389345658
11151	0.66624996
11178	1.303917522
11184	-0.014864521
11187	-0.365756159
11219	-1.167280491
11227	-0.803361469
11262	-0.457527241
11277	0.276939808
11309	0.211961837
11314	-0.397751293
11320	0.135487563
11326	-0.047820143
22797	-0.478881693
22806	-1.080127905
22807	-0.768180196
22873	-0.146720676
22875	-0.953444356
22898	-0.081484479
22905	0.560657968
22914	-0.52875739
23037	-0.307091479
23048	0.824507122
23213	0.32065578
23218	0.595516449
23224	0.974716546
23228	-0.540778362
23231	-0.050858199
23495	-1.584608777
23503	0.816963828
23533	-0.098772331
23543	1.036970745
23547	-1.345913651
23550	-0.176297701
23650	-0.167578993
23659	0.690045506
23767	-0.607804273
23779	-0.699330342
25798	1.104943826
25816	-0.026261616
25833	-1.420992725
25937	0.622525454
25939	0.118694304
26012	0.970483695
26034	-0.714838554
26051	0.054179667
26073	1.193492108
26085	-0.880947196
26112	0.079704239
26154	-0.96462688
26157	-0.182606454
26191	-0.646307417
26228	-1.51821338
26278	0.647023335
26279	-0.6026728
26330	0.073902752
26517	0.932257786
26578	0.546582549
27013	0.971187183
27033	-1.370134298
27036	-0.655657635
27065	0.933188349
27071	-0.651710657
27075	0.069070567
27076	0.086991554
27111	-0.342936708
27115	-0.43865333
27128	0.197815733
27181	-0.98120262
27197	-1.914839709
27240	-0.704228851
27255	-1.629230844
27299	-0.581316598
27315	0.462259716
27334	-1.098193556
28955	0.702276973
28959	0.280661116
29114	-1.69303077
29125	-1.310074092
29126	-0.850550685
29760	-0.579044014
29851	-0.888787348
29886	0.779616519
29906	-1.528268886
29909	-1.080417959
29933	-0.471188924
29965	0.882505535
29986	-1.321943516
29993	-1.197249091
30008	0.542926283
30009	-0.985316271
30061	0.056843756
30845	0.1967133
43847	-1.587349959
50615	-0.465078459
50650	0.167711856
50651	-1.168594914
50814	0.548196235
50846	-1.274219938
50852	-1.239372378
50856	-0.796109046
50943	-0.539787496
51056	0.94617457
51059	-1.450393072
51071	0.61402938
51088	0.226505591
51102	0.51106191
51116	0.844468176
51117	0.669829341
51131	-0.092872224
51151	0.637801649
51166	-0.427017418
51171	0.220090166
51195	0.02196225
51196	-0.483755479
51225	-0.024633147
51237	-0.373142613
51284	-0.501674822
51285	-0.366182478
51291	0.420543871
51311	-0.672779296
51316	-0.995310935
51338	-0.339049238
51368	1.006271815
51379	0.072616589
51411	-0.186879156
51422	-0.008623602
51458	-0.234500747
51693	0.647848315
51703	-0.018321437
51744	-0.973922818
51762	0.457282919
51816	0.729190888
53346	-0.749739051
53347	-0.965520628
53405	-0.992477654
53829	-0.696528167
53833	-0.706283582
53905	-0.354096142
54106	-0.860269646
54206	0.403128157
54413	-0.395240129
54431	1.026039967
54440	0.167995845
54453	0.371831138
54464	0.392522309
54491	-0.718525842
54496	0.765990226
54509	-0.251995078
54510	-0.212356959
54518	-0.029619716
54625	0.928784241
54626	-0.429686841
54814	0.63334266
54832	0.55930522
54839	-0.740490261
54845	0.595168686
54847	-0.625824443
54855	-0.257365505
54857	-1.752754021
54869	0.137473959
54884	1.237889028
54900	-0.948725313
54982	1.120346415
54997	-0.528688208
55001	-1.738014213
55016	-1.078196126
55024	-1.150466219
55040	-1.23776146
55057	-1.225308852
55203	-0.801466231
55220	-1.247448664
55233	0.350461884
55273	-1.447435652
55303	0.281182414
55332	0.298888232
55340	0.210713061
55357	0.112068573
55365	-0.013823305
55423	-0.707135452
55504	0.832792978
55603	0.416278711
55607	-0.097778204
55612	-0.900501237
55809	-0.338845302
55824	0.823287241
55840	-0.759250739
55843	-0.693252456
56034	-0.249094469
56169	-1.223707774
56172	0.72420224
56253	-1.002234478
56833	0.308899675
56886	1.074101781
56940	0.770960488
56978	-1.437438402
56990	0.635573841
56999	0.085027883
57091	-1.430185919
57111	-0.815113626
57132	0.960943593
57194	0.523920261
57402	-0.38400794
57451	-0.871546177
57460	0.480119971
57537	-0.556933902
57556	1.182054992
57559	-0.168478857
57562	-0.675677552
57631	-0.880801092
57662	-0.752440714
57674	1.26801839
57687	-1.204447548
57705	-0.103200209
57821	-1.308803645
57822	-1.01787607
57823	0.234116822
58475	-0.158953762
58480	-0.459428845
58484	-0.756203051
59269	0.147869789
59344	-1.373948346
60312	0.718848642
60489	-0.186688393
63943	0.116898912
63970	-1.376409605
63982	-1.435899369
64005	-0.067242077
64092	-0.34911693
64098	0.011617493
64108	0.127266535
64174	-0.813098276
64218	0.13868656
64231	0.346384872
64333	-0.098398688
64407	-1.09987061
64419	0.734147248
64432	0.950194108
64581	-0.36263247
64761	0.242170009
64778	0.707192274
64780	0.894749662
64919	-0.507675432
64926	-0.152166993
65012	-1.233917383
65975	-1.700003095
79037	-0.466424409
79083	1.090427623
79098	-0.495010582
79132	0.222622143
79156	0.018889801
79191	0.250749266
79368	-1.51972751
79369	-1.364734271
79370	-1.712303334
79413	-1.010065087
79591	0.44180149
79626	-0.425694163
79630	-0.524260248
79654	0.863548374
79714	0.454004376
79729	-0.008517936
79755	-0.931719511
79758	-0.07020393
79840	0.260768688
79856	0.102946243
79863	0.433044396
79865	-1.530857074
79884	-0.317002672
79895	-1.12477187
79899	-0.481871601
79931	-1.560599656
79958	-0.114791753
79961	0.042055183
79974	-0.890981685
80008	-1.336481934
80055	0.402792879
80072	-0.86224833
80129	-1.383940841
80139	0.324880511
80176	0.74509661
80183	-0.280907004
80231	-0.944246225
80301	1.21379228
80326	-1.08254492
80342	-0.358303509
80352	-0.800591059
80380	-0.626101967
80709	0.576154668
80760	0.10903163
80765	-0.30451636
80774	0.731661564
80830	0.778300578
80833	0.263976868
80853	0.140075831
80896	0.403551182
81030	-0.939756467
81552	0.163716931
81553	-1.080145218
81558	0.154320428
81607	-0.61634814
81704	0.36083898
81788	-0.309559803
81793	-1.159837225
81848	1.238475229
81894	0.330895794
83416	-0.925760558
83481	-0.855698621
83593	0.239470875
83604	-0.231810796
83758	-1.222564
83882	0.431791626
83886	-0.50078927
83937	0.20995723
84000	-0.839846463
84002	-0.132803092
84062	0.470763818
84166	0.566974282
84172	0.727363031
84174	-0.68509481
84189	-1.050437487
84239	-1.493605374
84283	0.264524395
84290	-1.163540942
84300	0.853957853
84303	0.457879947
84329	-0.409254296
84433	-0.340210358
84437	0.306054829
84518	-0.265590116
84519	-1.285444974
84541	-1.013404465
84552	0.478425831
84636	-1.390619239
84676	0.277574212
84679	-1.285723778
84695	0.480633133
84734	0.400014024
84830	-1.118789226
84868	0.104539068
84910	0.361597391
84925	0.289369646
84941	-0.746352619
84951	-1.302769902
84958	-0.465468443
84968	0.222718153
84969	-0.80962244
85001	-0.282927114
85458	0.163705745
85479	-1.357890556
89790	-0.293070963
89846	-0.12855819
90060	0.15062306
90161	-1.204821277
90273	-1.094011034
90522	0.880651256
90527	-1.039462252
90627	0.412446795
90809	0.523243408
91056	0.61103687
91373	0.856100436
91523	-0.291838789
91543	-0.59354386
91607	-0.043427634
91624	-0.862073706
91768	1.076198058
91828	-1.684229136
91937	-1.604910876
92241	0.056946909
92359	-1.37219392
92370	0.091123915
92558	-0.233094371
92840	0.399022533
93099	0.620095792
93349	-0.125708075
94015	0.805415862
94120	-0.465385741
94122	-1.008804873
94234	-1.275132548
94240	-0.1333606
96610	1.490390344
112724	0.219452342
113540	-0.338677856
113612	0.424837468
113730	-0.66226732
113791	0.272155866
114088	0.20235309
114132	-1.593274414
114294	0.260931354
114548	-0.772600008
114569	-0.615624996
114614	-1.357572084
114801	-1.025478229
114836	-0.458763512
114899	-0.099696607
115004	-0.860831066
115110	0.018220457
115207	0.635575137
115350	-1.560758654
115352	-1.074596814
115361	0.548539442
115362	0.099311535
115761	-0.809491868
116443	-1.204345426
116986	-0.531466157
117289	-0.26267905
118429	0.071410515
118788	0.223028946
119548	-0.83977227
120224	-1.245342069
120425	-0.143590494
122416	0.009618024
122618	-0.758561562
124402	0.553856978
124460	-0.669286295
124535	-2.019473164
124739	-0.983062987
125058	1.222268514
125206	-0.744617685
125704	0.18193258
126074	-0.249102999
126321	1.492670841
126364	-0.355333086
127262	0.79334659
127544	0.73781936
128553	-1.184847893
128611	-0.840773326
130026	-0.642278467
131450	-1.072637898
132332	-1.650362099
133418	-0.301901286
139716	-0.481894509
139818	-0.188762789
140564	-0.509462218
140711	-1.503475409
140885	1.36115757
140947	-1.04324785
143689	-1.25055931
144110	0.23278624
144568	-0.724656128
146206	-0.675183426
146439	-1.194143568
146722	-0.704160016
146802	-1.670768394
147138	0.148803745
147700	-0.600860443
149428	-0.941727871
149628	-0.697268601
150365	-0.740003329
150372	-0.31908047
150696	-0.612681411
151242	-1.547988062
151888	-1.149559519
152189	-0.690304594
152789	-1.249563136
153769	-0.910006675
154075	-1.179965216
154810	1.008533881
155038	-0.025300792
158326	-0.594361682
158584	-1.655633241
160364	-1.395574091
160365	-1.521231223
163782	-1.540791322
164118	-1.96376612
165631	-1.232053033
166336	0.275432908
167681	-1.342878164
168537	-0.177129788
168667	-1.392762354
169355	-2.071186806
170371	-1.712053128
170575	-0.364199449
170680	-1.249182847
171177	-0.732440349
171558	-1.314629417
193629	-1.241925739
197135	-1.216551994
197259	-0.320377462
197358	-0.310348169
199731	0.473312104
199786	-1.489118787
200014	0.870274758
200316	-0.27275911
201134	-0.40456365
201266	0.384000021
201305	-1.609032185
201633	-0.474331297
201780	-1.855852422
202309	-0.982403746
202915	-1.089359952
203100	-1.39609672
203197	0.669421202
203260	0.28940355
203328	-0.736018444
204219	-1.059016805
219285	0.044790636
219931	0.753300551
219972	0.495741891
220002	1.03532157
221002	-0.883752215
221188	-0.935702057
221472	-0.245263285
221718	0.269639281
221981	-1.003094236
246329	-0.822872314
255488	0.245501927
256236	-0.285954508
256281	0.469026578
257000	-0.128653475
257068	-1.114959645
257106	0.359706521
257144	-1.337592696
257194	-0.406532432
259197	-1.402883269
266747	-1.361488027
283234	0.07386184
283314	-1.262181375
283349	0.503363728
283420	-1.711226062
283551	-1.53502358
283897	-0.564581782
284353	-1.066167482
284417	-1.20078835
284759	-0.742058594
284837	-0.527645125
285195	-0.538309732
285533	-0.986989658
285830	-0.453710789
286077	0.855371913
286262	0.543227994
286467	-1.255036127
286530	-0.181282725
326624	-0.680881414
333929	-0.987714244
338440	-0.97074867
338758	-0.775057816
339416	-1.084414228
339483	-0.113366658
339541	-1.350638129
340152	-1.34115429
340273	0.006670285
341640	-0.205767357
342615	-1.365432199
342667	-1.370528399
342897	-0.254866983
342979	-1.387823359
343413	-1.207610427
347454	-1.000378514
347689	-1.594461466
348378	-1.548470771
352961	-0.862475777
353345	-1.884356248
374403	-0.370358728
374897	-0.107353297
375298	-0.94900959
375686	-2.16396787
375791	-0.885618684
387119	-0.776402705
387357	-1.136090313
387751	-0.512509164
388325	-1.009100886
388372	-0.549914032
388512	-1.695969221
388552	0.445209921
388650	0.143712305
388662	0.458129339
388698	-0.951418716
389206	-1.75385816
389643	-1.48715292
391123	-1.804788206
392636	-1.123013794
399473	-1.836793413
399959	-0.100575391
400759	-1.597015199
401124	-1.682078401
401647	0.189684009
415117	-1.848561844
440823	-0.355171036
441108	-0.673195416
441168	-0.303703621
441376	-1.057900122
441631	-0.098670652
445347	-1.401292528
474344	0.117154416
497189	-1.250659604
606724	-0.872598657
644997	-2.008228186
645432	-1.938385158
647121	-1.188884718
653361	-0.230301214
653553	0.511005099
654816	-0.824353606
654817	-0.685274503
729171	-1.36331525
729230	-0.626352737
729540	0.185019162
730094	0.255879492
100049587	-0.700873184
100128385	-0.097272623
100129792	-1.16116411
100132417	-1.13236663
100188949	-1.09721059
100190938	-0.819604232
100233209	-1.317199721
