entrez_id	centroid
56994	-0.341837837837838
960	-0.448135135135135
84749	0.146216216216216
11190	0.106351351351351
3662	0.168135135135135
80173	-0.301459459459459
5685	0.0688378378378378
79733	0.341918918918919
200895	-0.00851351351351351
55765	0.521972972972973
1793	-0.0616756756756757
55308	0.00848648648648649
4107	0.272810810810811
64377	-0.186432432432432
27183	0.0974324324324324
705	0.0232702702702703
152	0.250648648648649
55344	0.0634054054054054
55848	-0.190567567567568
3249	-0.348486486486487
81624	0.128702702702703
57763	-0.053027027027027
24145	0.0980810810810811
54920	0.0765405405405405
9057	0.113243243243243
3134	0.271567567567568
3692	0.0514054054054054
9547	-0.283864864864865
3479	-0.0984054054054054
9631	0.00375675675675675
5328	0.230378378378378
221294	-0.188216216216216
55697	0.0804864864864865
4145	0.0106486486486487
81569	0.107108108108108
10204	0.0729459459459459
151194	0.0778648648648649
6019	-0.11572972972973
7277	0.0627027027027027
54205	0.038
22974	0.161513513513514
10370	-0.217810810810811
3242	0.0064054054054054
55173	-0.00381081081081081
4957	0.0894324324324324
3009	0.129027027027027
84952	-0.353189189189189
55159	0.0957567567567568
4239	-0.248351351351351
11120	0.0688648648648649
10643	-0.148378378378378
91523	0.337675675675676
92840	-0.289108108108108
51388	-0.00410810810810811
388389	-0.200189189189189
11128	0.0301351351351351
79801	0.0720810810810811
6120	-0.00121621621621621
56259	0.0384864864864865
11201	-0.263135135135135
87178	0.0314594594594595
80209	0.164891891891892
1880	0.144297297297297
2584	0.0691351351351351
1062	0.153864864864865
55794	0.096
27338	0.0958918918918919
9914	0.448486486486486
158046	-0.245864864864865
79047	-0.221540540540541
10615	0.312918918918919
4929	-0.318648648648649
8544	0.113621621621622
276	-0.294513513513514
64376	-0.141459459459459
28982	0.199972972972973
675	0.112891891891892
51495	0.20427027027027
10446	-0.132891891891892
260293	-0.334135135135135
64761	0.323675675675676
55629	-0.281945945945946
5283	-0.218891891891892
5891	-0.277216216216216
266740	0.134459459459459
4774	-0.243459459459459
57593	-0.058
64785	0.116351351351351
3992	-0.0982702702702703
11017	0.0638918918918919
4129	-0.270324324324324
10648	-0.417486486486487
9252	-0.180432432432432
51526	0.0939459459459459
60481	-0.385648648648649
9741	-0.122054054054054
116496	-0.215162162162162
84647	-0.046
8924	0.0374594594594595
6194	-0.370567567567568
51371	0.102972972972973
864	0.172810810810811
55837	-0.123486486486486
7011	0.240162162162162
55832	0.107810810810811
2944	-0.101297297297297
8874	0.141567567567568
257106	0.141891891891892
5826	-0.15772972972973
5594	-0.0564594594594595
145748	0.0390540540540541
9797	-0.000729729729729731
8739	0.0912432432432432
3481	-0.466405405405405
5836	-0.596675675675676
1511	-0.108108108108108
6906	-0.0964324324324324
3838	0.304162162162162
6627	0.151108108108108
84333	0.0851621621621622
51654	0.0175675675675676
84991	-0.149027027027027
1514	0.114054054054054
1826	-0.120081081081081
5031	0.205135135135135
4521	0.0850540540540541
2553	0.109189189189189
84908	0.0413243243243243
27299	0.504702702702703
9688	0.0741891891891892
54443	0.0724594594594595
10460	0.252189189189189
26255	0.0879189189189189
84883	-0.0301081081081081
26263	-0.0158378378378378
9787	0.127054054054054
332	0.451243243243243
3514	0.567243243243243
9391	0.0615675675675676
7468	0.0222162162162162
5294	0.194378378378378
224	-0.242027027027027
51143	0.0455675675675676
5347	0.0318108108108108
51237	0.251081081081081
23199	0.251351351351351
10300	0.102027027027027
89927	-0.374081081081081
51645	0.0638648648648649
22828	-0.103432432432432
3860	0.00786486486486486
80777	0.0256756756756757
11065	0.223810810810811
29109	0.106297297297297
1728	0.254432432432432
84057	0.141837837837838
23168	0.0631351351351351
5048	-0.015027027027027
23560	0.0932432432432432
8092	0.0732972972972973
4839	0.0320540540540541
898	0.099
6210	-0.350810810810811
4601	-0.210081081081081
23016	-0.0485405405405405
677	-0.324027027027027
3008	0.466216216216216
4646	-0.0498648648648649
55466	0.486702702702703
126755	-0.107945945945946
6576	0.0521351351351351
8139	0.078945945945946
348	0.276918918918919
9133	0.126891891891892
221662	-0.108756756756757
25977	0.123432432432432
662	-0.0218648648648649
79791	-0.00686486486486487
7903	0.027027027027027
3169	0.0084054054054054
9948	0.0574864864864865
481	-0.517675675675676
1024	-0.039027027027027
9055	0.267918918918919
26493	0.0811351351351351
11118	0.199108108108108
7170	0.146351351351351
3329	0.0757567567567568
6300	-0.00745945945945946
9456	0.0451081081081081
55788	-0.199810810810811
1515	0.0547837837837838
132720	-0.233648648648649
57017	0.0648648648648649
2353	-0.383351351351351
9785	0.0514054054054054
81620	0.0838648648648649
54882	0.0208108108108108
79157	0.209378378378378
29997	-0.281432432432432
1111	0.0360540540540541
56204	-0.112324324324324
7804	0.219162162162162
124220	-0.102594594594595
3832	0.184621621621622
2633	0.336810810810811
55165	0.140378378378378
9832	0.0182702702702703
114049	0.0535675675675676
1820	0.0226216216216216
6164	-0.153486486486486
10553	0.277486486486486
51	0.251378378378378
9742	-0.100918918918919
93129	-0.115486486486486
57535	-0.0208918918918919
563	-0.241378378378378
6206	-0.313
29127	0.201864864864865
10576	0.299351351351351
6397	0.141081081081081
55041	0.0467837837837838
54502	0.0514594594594595
11021	0.222027027027027
1844	0.123351351351351
23024	-0.324540540540541
3422	0.0492162162162162
10437	0.360891891891892
3418	0.382540540540541
57099	0.129243243243243
29100	0.26072972972973
6241	0.326459459459459
79071	0.0691891891891892
50515	0.116567567567568
5822	0.00629729729729729
10974	-0.0933513513513514
150	-0.0988108108108108
2821	0.0424594594594595
5717	0.220513513513514
92960	-0.189810810810811
57621	-0.146324324324324
5932	-0.270621621621622
8745	-0.0621081081081081
7373	-0.0309459459459459
5816	0.607513513513513
114876	-0.234486486486486
9100	0.115162162162162
3667	-0.21627027027027
4105	0.136405405405405
4283	1.0622972972973
18	-0.418081081081081
3945	-0.0105405405405405
1783	0.122135135135135
23259	0.264243243243243
1869	0.143351351351351
55145	-0.128378378378378
190	-0.0276756756756757
22919	0.0515945945945946
10742	-0.372594594594595
3493	0.642189189189189
5688	0.245189189189189
8566	0.186189189189189
55930	-0.215027027027027
9123	0.0576756756756757
57619	-0.0748378378378378
25825	0.0082972972972973
83605	0.0886486486486486
23683	-0.0878378378378378
8438	0.0578648648648649
6890	0.544405405405405
995	0.171324324324324
57496	-0.117783783783784
9620	-0.240972972972973
56912	-0.291432432432432
80758	0.147459459459459
3021	0.232648648648649
10963	0.101324324324324
64943	-0.0615135135135135
3135	0.394837837837838
3572	-0.126648648648649
4057	-0.56545945945946
1429	-0.211756756756757
3326	0.233216216216216
286	0.158486486486486
3902	0.459891891891892
23413	0.104378378378378
375	0.180432432432432
23644	0.183540540540541
55124	0.0162432432432432
115294	-0.102162162162162
3669	0.290459459459459
55970	-0.370972972972973
128218	-0.0291351351351351
79017	0.154459459459459
81552	0.0935405405405405
1978	0.24672972972973
720	-0.220756756756757
10095	0.239378378378378
1141	-0.0477027027027027
57405	0.181945945945946
4435	-0.0381621621621622
7021	-1.17024324324324
8449	0.0708918918918919
7941	0.487864864864865
919	0.379027027027027
6510	0.0320810810810811
55859	-0.415513513513514
9798	0.0522972972972973
25949	-0.212783783783784
81930	0.159891891891892
55379	0.272594594594595
9246	0.203567567567568
4605	0.338864864864865
53340	-0.209864864864865
9695	0.168486486486486
60386	0.185783783783784
7162	-0.115243243243243
84930	-0.0146756756756757
54585	-0.216216216216216
55975	-0.0496216216216216
5570	-0.234162162162162
387104	0.0204864864864865
56992	0.211837837837838
9582	0.028027027027027
22820	0.188675675675676
833	0.00083783783783784
5119	0.100378378378378
56655	0.0381351351351351
55614	-0.0546486486486486
2947	-0.458081081081081
55471	-0.0243783783783784
6790	0.168378378378378
84285	0.135378378378378
3795	0.0226756756756757
9289	0.413675675675676
65094	0.152486486486486
81563	-0.432648648648649
10768	-0.225081081081081
27151	-0.0774324324324324
79913	0.100810810810811
9928	0.0731891891891892
3866	-0.154702702702703
9589	-0.343972972972973
7494	-0.185756756756757
2672	0.0589459459459459
5393	0.044972972972973
78995	0.0177027027027027
54465	-0.195216216216216
678	-0.208
4085	0.166783783783784
5241	-0.590891891891892
403	-0.175108108108108
2015	-0.0132972972972973
23541	-0.0318648648648649
4100	0.012027027027027
80219	0.0870540540540541
29115	0.0953783783783784
8445	0.249243243243243
84916	-0.0228648648648649
10614	-0.166459459459459
7534	0.26427027027027
917	0.232540540540541
57175	0.117054054054054
5222	-0.0753243243243243
55958	-0.282243243243243
64423	0.185756756756757
10808	0.100756756756757
90864	-0.0645405405405406
60	0.209
55248	0.158135135135135
9212	0.0507567567567568
51693	0.103837837837838
10279	-0.371459459459459
27161	0.123405405405405
6451	-0.384189189189189
6730	0.106513513513514
317781	0.0581081081081081
55915	0.0591081081081081
65264	0.303324324324324
5911	0.0757027027027027
7771	0.30972972972973
57088	-0.146783783783784
5152	0.0622702702702703
9056	0.245405405405405
767	-0.272621621621622
55257	0.263810810810811
9885	0.184540540540541
10744	0.0576756756756757
51256	0.0246216216216216
11091	0.0434054054054054
54849	0.0854324324324324
1503	0.0177837837837838
4288	0.167540540540541
10139	0.0755945945945946
121355	-0.108405405405405
10486	-0.315621621621622
51365	0.334945945945946
51393	0.0509459459459459
83892	0.14227027027027
4940	0.50572972972973
2130	0.0107837837837838
25961	0.0875945945945946
4938	0.282297297297297
2192	-0.136486486486487
123263	-0.0115405405405405
5705	0.176324324324324
3932	0.0952972972972973
2175	0.191675675675676
79152	0.369243243243243
2743	-0.211432432432432
23318	0.0834594594594595
284069	0.00459459459459459
55665	0.0288378378378378
23590	0.0252162162162162
23528	-0.23972972972973
55255	0.0488918918918919
728239	0.184621621621622
8601	-0.0687297297297297
80346	0.0653243243243243
84775	0.104216216216216
89765	-0.109108108108108
641	0.214162162162162
3035	0.025
10606	0.0531621621621622
4794	0.221972972972973
5655	-0.043027027027027
29105	-0.000486486486486483
23367	0.124864864864865
3106	0.309837837837838
1244	0.0680810810810811
3161	-0.000756756756756756
27130	0.0577837837837838
2274	-0.486891891891892
24137	0.120621621621622
27101	0.114567567567568
10670	-0.158
83737	0.114675675675676
57758	-0.508756756756757
5304	-0.962
55605	0.139459459459459
22996	-0.023
79832	0.0987297297297297
54981	-0.146189189189189
59277	-0.771648648648649
51072	0.016
8464	0.0687567567567568
56942	0.147189189189189
2624	0.130756756756757
9156	0.136594594594595
665	-0.265594594594595
79902	0.140351351351351
3936	0.289486486486487
116844	-0.156810810810811
3476	-0.186297297297297
5174	-0.297459459459459
8837	0.0847027027027027
79075	0.167351351351351
9043	0.148027027027027
79877	-0.195783783783784
9777	0.125459459459459
10194	-0.167216216216216
2987	0.154324324324324
4111	0.125135135135135
9013	0.117216216216216
84879	0.0941891891891892
84000	0.117756756756757
4175	-0.00245945945945946
79600	-0.167891891891892
55008	0.467702702702703
51651	0.189459459459459
23603	0.0697567567567568
84186	-0.251054054054054
27086	-0.177540540540541
117155	-0.225351351351351
2491	0.045972972972973
64432	0.0302702702702703
197259	0.11027027027027
51056	0.206324324324324
7730	-0.121837837837838
140606	-0.168351351351351
8379	0.000648648648648649
51608	0.15
463	0.22627027027027
10874	-0.0262162162162162
5902	-0.0435675675675676
5873	-0.0451351351351351
29123	0.0728108108108108
10428	0.0548918918918919
6888	0.195324324324324
567	0.315
5008	0.222621621621622
11004	0.0537297297297297
6713	0.269621621621622
10112	0.186756756756757
23446	-0.187162162162162
54985	-0.150513513513514
5713	0.157621621621622
9140	-0.00264864864864865
83941	-0.318162162162162
4644	-0.0126216216216216
914	0.51072972972973
8894	0.0748918918918919
9793	0.101108108108108
90737	0.353459459459459
2581	-0.0822162162162162
5604	0.0424324324324324
1198	0.0358108108108108
134266	0.0944324324324324
113115	0.0567567567567568
6788	0.0971891891891892
23080	0.154486486486486
23787	0.0829189189189189
4141	0.0007027027027027
1788	0.224189189189189
10785	-0.038027027027027
4907	0.084972972972973
26276	0.0476486486486487
509	0.0384864864864865
6297	-0.279918918918919
51232	-0.346216216216216
84138	0.0322162162162162
51117	-0.130351351351351
5702	0.0195675675675676
6595	-0.0965945945945946
3485	-0.391
10855	0.159918918918919
2317	-0.14972972972973
8614	-0.795135135135135
148206	-0.157054054054054
79866	0.00897297297297297
54812	0.0144324324324324
10055	0.0419189189189189
5708	0.0915135135135135
5831	0.131837837837838
11274	0.304432432432432
1874	0.0416216216216216
1327	0.0861891891891892
5718	0.277027027027027
54414	-0.171702702702703
338328	-0.132972972972973
138151	0.130918918918919
4256	-0.0841351351351351
146456	-0.00540540540540541
55349	-0.143594594594595
8355	0.211810810810811
47	0.0226216216216216
6160	-0.250081081081081
54957	0.0311351351351351
3157	-0.0438378378378378
222166	-0.257891891891892
56986	-0.317621621621622
6836	0.0225675675675676
116448	0.128027027027027
6230	-0.427324324324324
23059	-0.153837837837838
6185	0.0998378378378378
1058	0.138837837837838
23753	0.117162162162162
9598	0.175459459459459
83879	-0.0580810810810811
283237	0.0871351351351351
79139	0.118108108108108
2331	-0.217243243243243
1374	0.221324324324324
57332	0.204594594594595
9833	0.289351351351351
127700	-0.130648648648649
90417	0.0864054054054054
9790	0.0438918918918919
79789	-0.143189189189189
390	-0.432702702702703
23030	-0.173189189189189
4102	0.0964594594594595
58495	0.0473783783783784
3487	-0.0986216216216216
5478	0.0594594594594595
7416	0.0691081081081081
94240	0.366567567567568
10328	0.024027027027027
26018	-0.330594594594595
11122	-0.0709459459459459
8864	-0.178189189189189
115362	0.534837837837838
55839	0.0967837837837838
54578	0.112540540540541
4860	0.0697837837837838
11322	0.278675675675676
26355	-0.358297297297297
54836	-0.162486486486486
10962	0.252405405405405
11260	0.0663783783783784
27240	0.343324324324324
604	-0.187027027027027
8412	-0.214378378378378
55355	0.111945945945946
915	0.0611891891891892
5696	0.301918918918919
5447	0.0404864864864865
4832	-0.0179459459459459
51155	0.454621621621622
23076	0.0042972972972973
7869	-0.262189189189189
64147	-0.192351351351351
26040	-0.369027027027027
5721	0.336351351351351
1123	0.154297297297297
10403	0.152432432432432
58517	-0.200351351351351
55638	-0.229918918918919
2071	-0.00172972972972973
9401	0.297405405405405
23177	-0.131216216216216
203547	0.0561891891891892
6833	-0.166189189189189
58478	0.138540540540541
219445	0.0747837837837838
84342	0.062
57176	0.117891891891892
7227	0.0608108108108108
8309	-0.281918918918919
10801	0.215054054054054
12	-0.463864864864865
9355	-0.0444594594594595
3535	0.291621621621622
1723	0.0447027027027027
79901	-0.349297297297297
10733	0.196054054054054
115209	-0.201486486486486
23254	-0.257216216216216
890	0.00102702702702702
4199	0.138216216216216
126823	-0.0354324324324324
92565	-0.316621621621622
51512	0.0817567567567568
7301	-0.0783513513513514
83861	-0.125945945945946
81576	-0.137297297297297
5699	0.294297297297297
367	-0.187783783783784
5596	0.353837837837838
7480	0.136621621621622
7706	0.0916216216216216
8190	-0.284783783783784
11047	0.161432432432432
6990	-0.203432432432432
50807	0.0415135135135135
4830	0.189513513513514
146923	-0.0581621621621622
6155	-0.29572972972973
8269	-0.0577837837837838
3620	0.395216216216216
699	0.111918918918919
83658	0.137864864864865
3909	-0.230324324324324
55872	0.0955135135135135
6676	-0.0124324324324324
9780	0.285837837837838
51121	-0.344756756756757
84955	-0.00767567567567568
64151	0.122405405405405
10647	-0.307054054054054
942	0.207783783783784
353	0.193702702702703
549	-0.309648648648649
1960	-0.251081081081081
4043	-0.0295405405405405
1612	0.0810540540540541
6814	-0.130459459459459
51166	0.133297297297297
2017	0.241432432432432
8318	0.0154324324324324
2530	-0.0668918918918919
10628	-0.263540540540541
25901	-0.269540540540541
23450	0.0434054054054054
10048	0.279810810810811
10807	-0.0258648648648649
27235	0.0842702702702703
4312	0.406702702702703
9319	0.082972972972973
55812	-0.282378378378378
100	-0.0685945945945946
6605	-0.0806756756756757
6772	0.399675675675676
9262	0.125837837837838
55194	-0.0315405405405405
3638	0.116189189189189
16	0.115783783783784
9232	0.117756756756757
3790	-0.249378378378378
54102	0.0439189189189189
4751	0.202918918918919
54520	0.0431351351351351
23198	0.0390810810810811
81603	-0.0838918918918919
79019	0.117567567567568
83719	-0.0632162162162162
6472	-0.00145945945945946
84085	-0.241081081081081
113130	0.353216216216216
55640	0.116621621621622
9823	-0.0968108108108108
10626	0.00675675675675676
51659	0.379783783783784
5933	0.0133783783783784
3735	-0.0436486486486486
8317	0.0900810810810811
1580	-0.0873243243243243
349149	-0.192486486486486
983	0.154783783783784
10561	0.465783783783784
54478	0.0518648648648649
3983	-0.228918918918919
84572	-0.196135135135135
10213	0.0773513513513513
23519	0.0294594594594595
51203	0.109567567567568
5433	-0.0164864864864865
3005	-0.336675675675676
2617	0.0550540540540541
597	0.131027027027027
10210	-0.186540540540541
57127	0.244513513513514
594	-0.275243243243243
84148	-0.101540540540541
55840	0.351189189189189
94056	0.149594594594595
148156	-0.112648648648649
1861	0.0947027027027027
29957	-0.185135135135135
9636	0.779783783783784
4600	0.200756756756757
5698	0.396324324324324
4103	0.235540540540541
284273	-0.129297297297297
55966	0.0412432432432432
84525	0.310567567567568
51726	0.0828918918918919
205564	0.0645945945945946
7371	0.102918918918919
9034	0.174756756756757
4796	0.0732972972972973
57674	0.349486486486487
55635	0.189918918918919
9493	0.0831891891891892
246243	0.00435135135135135
5230	-0.0572432432432432
10574	0.0468648648648649
4602	-0.455918918918919
9425	0.231702702702703
6232	-0.195108108108108
55143	0.150216216216216
1075	0.0442702702702703
5586	-0.161837837837838
