3043
1514
3039
2791
3043
10398
2815
11313
27013
928
51635
10482
3655
5473
1191
8294
10170
64805
65213
4201
6840
11182
3555
7850
653361
5196
3181
84419
6503
3040
4601
820
4792
4282
1831
4001
65125
51274
1611
9246
11345
89875
3187
51499
976
4940
259230
26469
23521
54625
54926
51206
4713
6467
7979
128346
10924
6271
3480
5269
1475
10906
1075
217
6146
6733
91543
64500
283349
2214
6137
10541
8848
27086
6233
85027
10260
4726
11329
51324
2280
2289
26262
9034
1116
10390
23118
7430
1647
29780
55602
2098
90355
6191
9636
51266
22889
6001
7090
6205
11079
1656
506
57533
3840
517
9588
6130
8407
50486
6210
10294
3958
9595
6009
8493
8347
2014
51194
10959
125965
2812
903
57018
9289
5688
23528
2123
196264
5577
94097
6161
9541
1990
10634
6228
55500
11243
83662
60685
2920
4540
