467
8832
79145
143384
115817
3265
80153
92241
123
6222
84919
9698
10905
334
23741
2778
51324
23048
10999
63935
1479
11052
22898
54542
7884
258010
23360
63931
64961
23412
5711
58476
26292
4520
9686
1613
7704
85439
26156
9748
56688
5439
9169
6856
10011
6414
64965
79095
151188
10010
5782
4938
3656
55180
60626
388272
4597
64943
4200
8260
139716
84265
8295
255967
119504
22862
5771
9658
23602
57175
79077
6137
10923
1175
54522
91373
10906
2631
79705
55331
9274
203328
4671
51527
4677
8199
84557
3692
10451
11021
51028
51021
64959
2314
4214
4089
51315
3397
53938
3028
1435
79982
6497
389203
55144
155185
79042
4205
5428
1431
5376
140735
22890
51586
7936
79143
1656
29896
196264
54407
23476
8655
2533
23168
79637
10527
64777
10713
1192
57620
91746
4659
56259
84306
8575
81704
6503
59339
80790
122622
7534
8344
5048
55904
65117
57140
58159
10625
10857
9061
51499
9683
136647
54069
81555
