20
79814
54443
333
115557
379
253982
84752
8702
329
641
669
672
84446
701
90417
55732
389336
79783
84688
55071
771
6368
1062
8208
26958
285521
1543
23002
9787
26052
54935
219670
2115
2119
201627
151176
26261
84824
51303
79951
202020
2335
2527
221914
55355
79366
3176
3589
50615
27178
3619
23189
7044
344887
388160
84918
7804
4052
4058
4116
22983
84879
113691
23531
4603
58498
2831
2908
348995
734
5141
9487
5321
64208
25766
5743
25788
8438
317671
5990
55298
6240
170591
6446
9047
90525
7922
28968
6553
6578
4092
6604
6615
6695
27286
7022
7037
7045
84314
80757
202915
80975
286527
90313
7216
83538
56886
11169
29062
