51110
54788
80325
10813
3303
80760
10109
8888
55133
51295
2145
70040
56990
63934
140710
81796
3858
5211
79603
1116
79774
10210
11263
23127
89797
51076
100127206
58478
11019
54434
330
79791
114583
79228
8324
6370
58497
10350
348180
30812
29109
55761
9659
53828
50509
11059
80024
26225
3667
10239
10402
9409
27347
9683
85409
57182
1017
2940
84552
5270
6305
51734
116039
5202
23035
7011
1809
6737
10910
29916
51535
10003
9891
1734
55664
79077
9853
9973
9685
27130
6272
54331
64841
10417
79070
56257
2317
6726
3659
10656
54438
1743
9166
51141
1718
2919
6102
10302
54107
57758
54505
1306
26503
