6234
10942
2562
4744
53832
1470
480
441869
1672
90784
120114
474170
162632
30835
4360
170689
27065
844
10319
132671
7373
5166
273
55273
441631
10740
119
340273
254559
147463
79986
10871
5028
10343
54360
145581
284565
128553
3357
56849
349196
5321
6330
121512
388697
653188
4081
64129
8793
387066
134466
64221
79705
54947
84182
154810
154214
84002
11027
151056
10253
150142
25832
96626
9906
27287
400322
57710
7450
23179
4213
160857
9884
2037
347918
54885
1687
151827
100133331
79780
55449
85458
118433
2055
10179
2590
57212
60485
53938
222236
125893
84912
