177
182
203
403
487
948
1277
1757
2128
2529
3084
3148
3594
4000
4185
4320
4329
4598
5101
5576
5833
5864
6327
6337
6693
6835
7036
7037
7049
7087
7755
8353
8482
8621
8667
8935
9379
9651
9902
10370
10495
10498
11033
11338
22924
23261
23408
23457
23542
23580
25942
25957
26147
26297
26470
27181
27303
29937
30000
51512
54108
54498
54566
54913
55146
55223
55554
56975
57716
58473
64763
64926
79365
79716
79798
79904
79922
79962
79983
79999
80115
81693
83590
84310
84858
84971
84991
85364
89887
91050
116840
124930
131566
136227
146433
148641
149345
170394
170690
171558
221545
221914
245812
286753
286967
339123
342527
375790
388552
388591
440279
552889
100303728
100507507
101928378
100131997
375
55183
5768
83723
861
8794
9138
