59
348
481
857
858
1029
1075
1117
1130
1545
1593
1824
1938
2012
2288
2487
2935
3066
3159
3854
3861
3868
4240
4817
4982
5034
5202
5653
5918
6273
6288
6289
6392
6659
6876
7083
7345
7351
8581
8664
8685
8788
9184
9191
9230
9554
10095
10195
10406
10447
10647
10765
10914
10942
11135
22931
23788
25805
27101
27344
28959
29113
51160
51386
54780
55365
56993
57180
57348
79101
113146
114569
114908
124220
155066
260436
283131
284340
387103
401115
728655
28793
3122
28299
6101
3115
57141
6800
2586
57142
201254
51083
