116832
220042
259266
29127
91368
64151
205860
11339
56992
84969
113130
51659
23594
81930
55872
26271
90381
84057
80714
27345
28227
6241
3161
1164
79075
5347
80178
2237
55166
7443
54478
4940
51203
81620
83596
332
2717
10721
4241
5984
9156
7980
4605
10403
8438
22974
79980
23397
23204
699
8646
143
10112
7272
11169
1894
83903
3925
51514
8914
6949
3015
55010
8317
7153
54892
9585
79866
4828
7869
8208
79682
9918
1063
5888
891
2057
9493
4085
10635
9833
4521
79789
79000
10331
3838
7083
1826
4173
55638
9401
8836
10051
11004
29028
27286
55732
9735
2189
11065
9787
55789
9088
994
11130
10293
29089
9700
54443
9055
55839
641
1033
2149
672
23178
120
9133
55143
9473
10615
3909
55706
10036
113115
4071
8900
2177
3149
11118
10026
55722
81610
983
9466
3832
11113
55835
638
991
10024
890
990
1062
1163
3148
4171
4172
5983
55165
286826
