9
10
27
38
123
133
185
202
220
334
367
379
390
392
411
501
648
655
678
747
777
799
840
966
1001
1016
1063
1068
1073
1075
1111
1119
1191
1230
1287
1288
1298
1303
1312
1371
1466
1477
1491
1501
1515
1592
1605
1618
1642
1662
1756
1803
1829
1871
1896
1906
1962
2066
2192
2195
2203
2230
2258
2261
2263
2271
2273
2281
2299
2316
2322
2515
2535
2549
2581
2620
2627
2650
2674
2678
2690
2842
2888
2908
2952
2956
3092
3107
3145
3164
3203
3481
3485
3488
3491
3493
3597
3611
3619
3625
3631
3655
3674
3730
3778
3801
3832
3841
3842
3913
3915
3930
4067
4076
4121
4211
4254
4288
4329
4361
4430
4439
4494
4544
4735
4753
4863
4886
4900
4907
4928
5019
5026
5031
5087
5095
5101
5122
5127
5188
5201
5239
5291
5293
5297
5311
5352
5361
5376
5378
5412
5451
5457
5471
5498
5530
5535
5538
5547
5557
5565
5567
5569
5584
5594
5612
5631
5645
5655
5671
5678
5775
5793
5796
5814
5827
5860
5871
5934
5937
5962
5977
6117
6157
6240
6309
6310
6330
6382
6389
6392
6455
6469
6518
6553
6558
6566
6567
6629
6635
6652
6715
6744
6749
6792
6812
6888
7026
7035
7048
7060
7072
7082
7086
7188
7205
7325
7332
7353
7372
7405
7424
7456
7465
7518
7533
7546
7547
7772
7855
7884
7903
7913
8087
8148
8214
8216
8226
8412
8418
8491
8518
8520
8546
8624
8648
8659
8725
8760
8764
8829
8833
8835
8883
8897
8936
9097
9110
9111
9124
9135
9180
9183
9185
9194
9213
9215
9342
9354
9397
9411
9415
9531
9538
9540
9547
9580
9647
9783
9788
9873
9987
10020
10038
10057
10082
10179
10205
10277
10291
10388
10435
10477
10479
10527
10534
10580
10587
10620
10629
10644
10656
10712
10902
10903
10923
10929
10978
10979
10982
11004
11012
11036
11041
11137
11146
11154
11163
11234
11270
11274
22800
22852
22948
23007
23022
23024
23047
23075
23076
23105
23107
23137
23165
23173
23193
23195
23221
23224
23235
23239
23258
23266
23310
23328
23354
23362
23365
23378
23379
23380
23410
23421
23456
23469
23493
23503
23530
23550
23576
23597
23598
23601
23621
23641
23650
23741
23762
25824
25913
25923
25962
25988
26059
26094
26130
26190
26207
26235
26275
26278
26960
27005
27127
27130
27156
27241
27314
27316
27336
27440
28232
28965
28990
29087
29099
29102
29887
29957
50617
50809
50855
50862
50863
51015
51029
51076
51078
51133
51205
51259
51321
51393
51426
51435
51454
51466
51473
51493
51503
51561
51668
51678
51768
53826
54084
54414
54463
54465
54536
54733
54807
54882
54948
55084
55101
55142
55171
55216
55260
55286
55326
55329
55332
55346
55374
55526
55572
55599
55615
55693
55699
55704
55711
55726
55746
55802
55832
55922
55972
55975
56475
56672
56946
56950
56975
57007
57127
57198
57209
57282
57336
57419
57446
57452
57479
57523
57526
57562
57575
57643
57646
57691
57758
57822
58155
58472
58473
58486
58497
58504
60437
60482
60625
60626
63826
63901
63979
64067
64105
64168
64215
64220
64395
64426
64764
64769
64776
64781
64787
64976
65084
65250
65983
79023
79053
79073
79085
79101
79135
79156
79192
79612
79627
79644
79659
79671
79699
79753
79789
79796
79801
79828
79832
79867
79888
79925
79973
79989
80014
80055
80149
80184
80196
80210
80227
80235
80264
80304
80319
80789
81282
81537
81563
81603
81611
81696
81786
81846
81931
83439
83856
83872
83879
84059
84068
84140
84141
84142
84172
84187
84250
84259
84263
84451
84529
84561
84696
84749
84811
84842
84861
84866
84881
84900
84904
84909
85016
85315
85376
85439
85446
85459
85477
89846
90025
90355
91298
91404
91894
92104
92105
92259
92521
92999
93183
94121
112597
112611
112936
113174
113263
114791
114826
114884
114908
114971
115273
115353
115548
115948
116372
119710
120224
120227
120379
120534
121457
123355
124404
124783
125150
126017
126272
128153
128229
130589
133522
133957
134147
134957
137835
139221
140545
140576
140890
142679
143879
143884
144100
144165
144203
145508
146057
146330
147409
147694
147837
148254
148266
148534
149563
150737
151242
151354
153129
153328
154141
154810
159090
160140
160851
162282
162681
163732
163933
165918
166336
168448
168667
169611
170384
170954
171019
171023
195827
196074
197335
200185
200894
201294
201595
202243
203413
205428
219844
219899
219988
220042
220323
220929
220992
221785
221823
222584
222658
253650
255758
257218
259266
266722
284119
284323
285352
285636
285966
286336
286827
338398
339768
346389
346689
347252
359845
374378
387640
389831
389840
391114
399726
400745
401024
441052
653319
729201
100130449
100288413
100499483
100506699
100507246
100507399
100507679
