332
358
586
991
995
1033
1058
1164
1408
1833
2706
3101
3679
3833
4312
4318
4322
4605
4860
5031
5187
5328
5347
5888
6330
6345
6360
6696
6790
7045
8630
8728
9123
9212
9232
9429
9768
10112
11065
11182
11332
22974
23303
23594
25907
27063
29089
51155
53831
54210
55355
55771
55789
57214
57678
79801
80119
81832
83461
83540
84187
84253
113115
116028
146956
147920
165904
169044
220134
220965
285759
286827
348235
402665
554282
649873
653677
653820
728833
729533
100271646
100422532
100506115
101928227
101928650
101928687
101929484
104472716
107985307
