419
640
671
887
930
931
973
1269
1310
1380
1463
2173
2208
2568
2707
3500
3539
3595
3755
3887
4948
4986
5079
5457
5995
6564
6689
7368
7475
7545
8115
8190
8326
9568
9834
10232
10643
11341
26279
28391
28392
28393
28402
28423
28424
28426
28434
28442
28444
28445
28450
28455
28461
28468
28773
28778
28784
28797
28809
28820
28902
28933
30812
51442
53335
54763
55117
57289
79368
79865
83416
83953
84072
93273
115019
115350
115650
144568
152015
199786
254778
255426
257240
260429
260436
399694
727897
100130361
101669762
101927703
101929623
102723169
102723505
102724344
106660609
107075247
124905956
