356
838
914
924
952
1237
1493
2358
2633
3002
3458
3500
3502
3505
3559
3561
3580
3594
3595
3604
3620
3627
3662
3766
3805
3812
3902
4049
4068
4069
4283
4818
5133
5551
5778
6352
6357
6362
6373
6772
6890
6891
7453
9447
10225
10537
10563
10578
10663
11262
22806
26279
27074
27299
28395
28468
28518
28567
28602
28666
28671
28677
28793
28796
28809
28822
28893
28908
29851
50615
50943
54900
55423
56833
57823
59067
79413
79931
81030
83416
84166
84174
93978
114836
115361
115362
124460
201633
256076
259307
286442
344697
400759
442197
497189
100996941
101060038
102723169
