419
608
2173
3500
3501
3502
3505
3507
3514
3523
3537
3538
3539
5450
6362
10563
23532
28299
28385
28388
28391
28392
28393
28394
28395
28396
28400
28401
28402
28408
28409
28412
28414
28420
28423
28424
28426
28434
28439
28442
28444
28445
28448
28450
28452
28454
28455
28457
28461
28465
28467
28468
28473
28474
28773
28778
28784
28791
28793
28796
28797
28803
28804
28809
28813
28815
28816
28817
28820
28822
28823
28825
28834
28874
28875
28876
28878
28882
28883
28893
28902
28908
28912
28913
28914
28921
28933
28935
28937
28938
28940
28941
28942
28943
83416
84072
144568
100423062
102723169
