278
419
768
887
1258
1297
1302
1463
1690
2001
2173
2348
2676
2707
2919
2938
3595
3755
3868
3887
3889
3934
3938
4025
4948
4986
5266
5457
5596
5653
6279
6280
6374
6496
6564
7368
7475
7545
8326
8581
8710
8796
9568
10232
10331
10644
11254
23532
28409
28445
28513
29113
51442
51458
54763
55117
55765
56896
57115
57348
59272
81706
84072
84467
90019
92737
93273
94025
128674
131177
144568
152015
154064
154664
154790
170680
203111
255426
256714
257240
260436
348825
399694
440695
100130361
100132994
101669762
101927703
102723505
102724344
105369486
105372840
107075247
107985879
124905956
