43
640
910
930
931
959
973
974
1236
1269
1310
1378
1380
2208
2811
3662
3738
4050
4063
4068
4118
4868
5026
5079
5368
5450
5579
5730
6504
6689
6753
8115
9290
9760
9834
26279
27004
28423
28439
28567
28568
28569
28576
28583
28611
28619
28643
28653
28672
28691
28930
29802
54900
55024
57379
79368
79865
83953
84636
84824
96597
114836
115350
115352
115650
128611
131096
146206
151888
164118
170482
199713
199786
259197
283663
285972
388512
389643
414332
497189
645191
100130231
100506915
100507195
100507612
100507616
100885789
100996286
101927412
101929623
106660609
