278
362
419
547
768
887
1131
1463
1750
1825
1830
1852
2001
2173
2568
2676
2707
2835
2919
2938
3755
3853
3854
3857
3868
3887
4948
4986
5266
5268
5457
5596
5650
5653
6279
6374
6422
6530
6564
6663
7368
7545
8190
8326
8424
8581
8710
8796
8842
9568
9982
10232
10643
10804
10874
11197
11254
23532
25928
26577
28513
29113
51442
51458
53335
54763
55117
55612
57348
64093
81706
84072
84467
92737
93273
115019
139411
144568
152015
154064
154664
260429
260436
285987
339761
374897
390010
399694
441178
727677
100130361
100132994
101669762
101927703
102723505
102724344
105369486
