111
270
554
640
730
930
931
959
973
1269
1380
1511
1776
2208
2532
2838
3003
3004
3495
3512
3698
4222
4223
4250
5079
5239
5450
5730
6332
6358
6363
6403
7060
7140
8115
9834
10351
10462
10647
11185
22915
22997
23209
23495
23547
26279
28392
28394
28395
28410
28412
28423
28426
28434
28439
28457
28467
28468
28772
28791
28804
28809
28878
28900
28902
28919
28923
28940
28941
28943
51237
57565
65266
66002
83953
84824
90865
96597
115350
115352
128611
146556
158062
199786
345557
374470
388077
400823
404266
414332
728656
100130231
100131825
100885789
100996286
101927412
101927523
101929623
