640
930
931
973
1380
3500
3501
3502
3505
3507
3514
3523
3537
3538
3539
5079
5450
6689
8115
9834
10563
26279
28299
28385
28388
28391
28392
28393
28394
28395
28396
28400
28401
28402
28409
28412
28420
28423
28424
28426
28434
28439
28442
28444
28448
28450
28452
28454
28455
28457
28461
28465
28467
28468
28473
28474
28773
28774
28778
28781
28784
28791
28793
28796
28797
28803
28809
28813
28815
28816
28817
28820
28822
28823
28825
28874
28875
28876
28883
28893
28908
28912
28913
28914
28921
28933
28935
28937
28938
28940
28941
28943
79368
83416
84824
115350
100423062
102723168
102723169
