278
362
419
671
887
930
931
1131
1297
1310
1380
1463
1852
2019
2173
2208
2707
2709
2938
3359
3500
3539
3595
3755
3889
3938
4948
5055
5079
5457
5655
5995
6564
6590
6689
7368
8115
8190
8326
8685
8710
8796
9118
9568
9982
10232
10331
11254
11341
23532
28391
28393
28424
28426
28444
28450
28513
28773
28778
28809
28820
28902
28933
29968
51442
51458
54763
55117
57348
59272
79012
83953
84072
93273
94025
115019
115350
131177
144568
152015
154064
203111
254778
260429
260436
399694
441178
645638
646962
100130361
100132994
101927703
102723169
102723505
102724344
107075247
