151009
85415
3883
6575
2036
5445
11082
288
54894
64110
55107
1573
22905
3280
5357
3336
8187
8996
3303
4282
124454
10388
10579
113452
257000
83481
4291
55740
3775
6242
7022
84283
284252
57549
1942
5792
6662
29841
64065
7005
10848
1832
3664
10765
7984
80092
51114
375
81839
9289
9414
54566
57670
9747
50804
113622
80319
2288
9217
79022
10309
79977
51361
127845
3005
79789
200879
2767
28992
10298
91862
51495
94056
10529
23576
7227
4952
10605
23542
784
4356
84059
1488
80263
10486
3485
93183
128240
10654
202915
150696
57402
114569
54845
999
23199
80004
6382
54972
2064
6809
57761
79017
1534
57619
57530
10653
5050
6720
5349
23042
1632
21
55040
55227
57669
7163
10040
79990
27237
2013
3880
91894
6692
58495
4072
126695
128218
92359
80131
1366
54836
57111
80303
1040
54869
4582
90355
643722
9633
51133
124220
84866
127700
89765
10809
400451
3169
10551
2625
27124
57535
148327
22996
79818
84914
55930
126823
3875
647867
79170
5167
4646
2166
79191
10265
25911
1069
64792
79006
26063
57504
23138
6920
10140
5017
5087
10053
4151
9858
6697
158584
81579
780
5570
3249
84708
6652
563
347735
55466
5029
26504
11187
64787
8045
1364
1365
1999
4070
64285
56683
9052
3790
115811
51280
9069
157574
116987
78998
84988
114822
79092
23286
23552
653610
3012
8335
92815
85235
89891
26150
5074
23139
954
283638
55657
23327
5831
1717
2017
291
9231
55605
928
25791
84553
200634
55607
92421
26030
5437
27300
29763
29911
55359
548596
57419
