168667
83880
404203
85028
7106
26999
9922
788
8717
143
196383
57406
1992
26578
83641
652598
4048
23531
8445
130589
55862
4864
123591
6035
3142
94039
1539
59347
7178
79161
3682
23064
3459
2919
2921
3553
112616
9466
1844
22900
1803
653743
28962
9267
84230
55576
5443
2022
9046
694
121260
493861
6581
339390
1071
922
6366
79722
1378
974
7273
8764
2217
5204
11186
3566
79845
5826
3087
84265
7091
6197
6335
64005
4145
910
5243
22861
7102
2159
54360
2995
10479
8804
57103
83758
3162
718
79895
2171
123
4321
8685
7850
6948
284021
651610
10892
10096
5594
55013
51703
3681
23479
1389
79621
10871
64780
254102
10095
58504
10791
3684
2014
83442
2207
84106
2771
391
10123
282969
53827
79890
79180
27010
6446
231
1687
10577
83547
54863
340061
10659
4345
2681
5547
1393
9021
3569
1263
4327
9194
2908
6414
83478
3426
7056
1843
4005
79772
10044
7133
79686
51170
9976
1601
7431
118429
57493
25900
6925
5176
5118
2308
1112
1805
23768
6387
7122
7450
7123
5175
160622
10365
10894
3384
3563
1776
23460
286133
125
948
474344
170575
2313
1193
5734
115207
9839
80760
58494
2078
641700
1901
155038
6359
2532
79927
1879
7048
90865
9452
5168
25890
9023
1910
2034
4023
50486
23179
140738
2869
2350
10161
7035
148932
7099
28984
1102
6347
55203
55707
51365
5533
169355
3574
1075
5583
663
56990
10308
128338
152137
51696
10957
25780
101
4318
9840
4118
64919
10734
926
973
3385
1535
55509
837
838
26228
8530
27350
27040
1606
5777
57175
2113
5588
51762
5294
9363
9450
80183
5971
4794
7096
1436
712
55704
83937
27436
3930
100
6615
64859
3559
5730
6361
3604
84166
51291
3903
8875
3061
7185
50615
51738
6402
256236
9476
9750
6368
8832
409
29802
10332
57731
6404
63940
338094
51225
64115
79166
2219
2833
151888
911
913
6932
272
1512
240
23547
10859
3640
55303
3606
6357
4360
3290
7412
259197
933
640
8115
79865
1380
5368
1231
5699
567
3133
3135
3106
3107
649853
3134
11118
10863
7852
79713
7128
924
9806
653361
3683
4069
2123
80231
139716
3428
10346
695
58484
4354
84034
341
10437
2512
348
9034
9473
717
6362
7941
7305
2268
9332
54504
8905
139818
23228
9770
8807
53347
864
51316
10225
6504
84824
930
80774
11262
5790
50619
283234
6775
649143
3113
3127
25939
4033
9447
441168
84329
951
7462
140947
3936
1880
27128
10870
51177
7940
4542
9051
10068
25816
117289
64098
50852
939
29064
3603
201633
5579
5133
3662
83416
150365
2841
2811
55024
931
5778
29125
5880
55423
79958
3561
55843
256380
3635
4242
9535
1043
4050
914
6955
64926
8698
79037
7535
27240
919
917
915
64333
3937
3059
962
5788
963
3587
2533
3689
83706
3071
9938
9595
3394
925
3001
3003
2124
387751
27334
30009
89857
146722
945
55016
8477
1520
64092
5552
11309
942
51338
199
27036
51393
23643
968
6503
3055
4688
9056
7805
84868
5341
1536
3120
3117
3122
972
3125
3119
650557
3109
56833
257106
7409
3108
313
9404
940
969
971
3004
4068
10320
11151
3932
330
54518
29909
5199
6363
10235
3820
393
55619
50856
9308
27299
3957
3002
26191
22797
5724
114769
834
79626
79630
55803
80301
64231
4332
649377
10875
91937
79368
9262
56670
4689
60489
5023
2213
5336
4067
140885
4478
84674
81553
197259
27074
6850
719
114548
126364
27180
6518
50515
1508
1514
51296
4245
64420
51167
55012
6643
1806
5641
5660
2815
282991
643752
64747
5906
51719
10170
3988
145389
2517
121457
5791
6039
3115
3600
55340
10288
912
9910
92241
55281
91607
131450
597
51676
91526
958
4125
894
29121
10062
8935
2896
81501
1118
54
728
57552
55196
10750
6494
9020
2864
115350
9138
10371
64091
10097
397
80896
120
60468
4644
3717
5800
10219
9844
1286
54557
133418
10109
10938
274
83982
23077
5360
9815
10409
10312
54436
55911
89780
3097
64174
2556
11103
390299
57722
6304
23370
8303
152573
9467
54674
56265
3039
653600
5196
2675
5140
4066
1593
23646
808
23765
