12
356
433
640
718
914
915
916
917
920
923
924
925
927
930
931
933
939
940
959
969
972
973
1233
1380
1493
1776
2634
2841
2864
3002
3109
3111
3112
3117
3120
3135
3274
3363
3458
3495
3500
3502
3512
3514
3559
3560
3581
3593
3595
3627
3682
3702
3816
3820
3824
4049
4050
4261
4283
4332
4818
5079
5133
5551
5790
6039
6346
6352
6363
6367
6373
6434
6504
6518
6773
6846
6909
8302
8530
8740
8798
8942
9402
9476
9934
10019
10100
10225
10420
10563
10612
10663
10666
10803
22806
22914
26191
26279
27334
28557
28558
28621
28683
28776
29126
29851
29909
51617
53347
54929
56253
56949
57823
64386
80380
84327
84636
114132
114770
114836
115350
115362
117157
137970
152789
158067
163351
168537
202309
221150
221830
246778
283420
284486
345611
353345
387914
387923
388507
388646
400410
445347
100423062
100527949
84824
