154091
54944
6352
57664
6364
84419
162394
27074
11009
1440
4261
241
2119
9314
6348
8876
6373
4081
10866
3007
7133
9390
3290
9582
9939
3576
9705
3294
158511
55228
1437
51561
1520
200315
89795
9734
636
116496
3627
2313
26212
84073
401285
3936
1551
682
5896
5724
140564
93082
9079
54103
115362
144453
9843
22822
55057
6351
259307
7422
260436
151649
5003
3976
4001
3115
56999
123624
567
26135
1874
83733
9047
9915
58516
9975
27128
3113
64927
5157
9185
9663
3620
4889
192286
1305
81567
11120
644186
8905
115265
134353
2810
6603
118429
7462
2872
8829
900
10960
8292
64332
9601
79931
23468
3689
2921
5099
146057
51479
25804
54887
84708
168455
56853
2531
22928
134147
23170
7128
