37
80221
211
51326
23130
53335
624
11067
738
55731
80169
79919
653483
221749
79820
30850
1087
1201
1306
1298
1362
1384
51755
56253
54541
9681
9249
22839
1824
1846
1956
1958
1999
26284
2064
10144
2194
2294
2308
9518
26088
2678
56834
2886
79885
3099
3112
3191
9592
10994
3635
3394
80271
23135
3725
9703
688
54800
8564
3866
3855
3890
3949
4065
28992
23764
4151
55784
5469
51586
65998
79778
10893
4335
4477
399687
10397
4883
7376
56000
401428
393046
441295
11240
93210
55011
5310
8613
5567
64063
5652
5792
7837
29890
63891
6143
9252
23157
80024
25992
10615
10252
81848
6480
10948
6830
6854
51760
26136
7050
9220
27134
7113
7126
4982
9618
10221
53840
10475
55223
54795
22888
7436
26118
55689
677
7750
54993
