80755
6833
27034
37
79777
47
4329
79796
322
400
54622
549
563
27077
582
689
10944
56912
60314
55778
83989
203197
158427
776
9254
23125
80279
1153
1315
51117
9646
1524
79901
1602
10521
10522
8527
1657
8448
1846
55268
114327
192669
60528
2053
2065
2066
2099
2166
27315
92579
11337
2625
57798
2639
27165
10614
55733
3155
3425
8100
3551
3712
23030
10324
3752
9674
9812
9761
57212
23078
9851
57613
23303
3800
25875
22998
81562
987
4036
474170
23639
54585
6416
4137
64087
4213
4292
10893
740
4485
57509
7593
79829
26960
4077
8648
9611
3340
4779
8382
4925
11315
5108
5174
8799
51131
5253
51533
54872
5304
11201
55624
23550
5768
5915
7905
473
5863
140890
6430
9905
23410
6500
6583
6584
6601
54558
90627
9482
81493
54662
79921
23371
29087
440026
79089
283131
26092
7178
22906
9866
54902
10641
6844
50853
57728
10406
64848
79882
