123
51129
65124
200316
60489
9938
10109
9474
650
665
669
55299
705
28984
51187
6364
8900
898
9134
8317
79577
1051
1434
1488
2919
2921
1528
1594
1736
56521
23234
30836
1808
51514
1843
1847
1848
9521
1938
1960
8669
1973
9470
2004
2023
2069
2098
80204
2237
55612
2273
24147
6624
10468
50486
51083
10634
64785
10020
3015
1839
50865
9709
3087
3178
3185
3192
3397
9592
8870
3553
3576
3725
3790
115207
65987
7071
1316
151230
3945
51176
57128
23764
79884
4144
55388
4171
4172
4174
4175
51320
79682
4312
4319
25843
78988
29088
63875
2956
4493
4494
4501
4502
4522
4609
27018
10528
29107
4953
10606
5093
5111
22822
7262
5329
5366
5373
10687
5427
51728
10248
5471
29968
5744
5757
5791
5822
11031
5867
10244
10137
5984
8767
51444
79657
60485
26135
1992
7884
6629
10253
81848
6767
9263
10492
7027
54962
27346
27346
7112
10318
10221
55720
10376
84790
203068
10383
7307
7374
10975
51096
7416
7421
25937
7520
79693
79413
678
11179
