64746
154
79026
113146
202
11214
11214
51421
54882
360
374
10565
94134
9411
23204
55207
10092
9048
51665
493
6310
571
8412
8553
10904
665
694
84981
55765
79098
51719
801
805
808
55450
23271
124583
54520
901
57018
905
100133941
960
1009
9425
634
1051
1052
9857
8837
1364
1385
64764
1452
10658
57007
23002
54541
1606
1606
22943
1739
9732
23033
1824
667
11221
1846
1848
1859
1906
1942
1948
1956
26298
2012
55763
2152
10116
23767
285527
1647
51363
2729
2707
2709
2744
2770
2801
8843
53836
23438
3280
8091
3156
3156
3178
3184
9957
3294
3397
3423
9592
8870
51278
3321
3552
3553
56300
3556
3566
3624
8821
51141
26512
3664
10379
3667
3669
6453
10765
3720
80853
55818
25948
9766
9710
9813
84162
57707
3831
7071
688
1316
8609
5653
3880
81606
3949
10184
9388
440434
9209
1130
23499
23764
4293
5597
375449
4170
9969
4297
4330
23515
9788
4615
4643
9683
89797
4688
4690
8202
8202
10276
4792
22861
388677
9520
2908
8204
81788
54726
9943
5029
143
8799
22822
5317
54477
10769
5467
54704
10848
9989
5580
5743
5744
5770
5791
80223
51552
57403
11031
25782
5912
9693
5921
5937
23186
84220
729540
727851
8601
388
8737
6196
55680
22902
6397
10802
10427
22872
10512
10955
1992
5054
2810
6446
8879
6513
1318
54407
6526
11254
10479
4088
6525
57154
6591
150094
6654
6655
6662
23013
6713
58472
54434
8027
9263
9262
29966
6809
10228
55359
51111
6840
10010
7020
7039
7056
25976
7082
9414
7091
4071
23023
10318
80351
10140
10221
10626
7204
8848
29978
23352
23197
7357
7414
7422
7436
23001
54521
147179
26118
253943
79413
253461
7538
677
678
7586
23613
7707
7764
79755
