60496
10257
6059
10061
100
158
55326
25909
191
10598
204
8165
64682
328
471
545
9532
617
637
23246
80135
705
28969
26098
54906
56652
55726
29902
339229
27042
65260
54680
708
56683
6936
29078
51134
79080
10576
7203
10575
22948
10694
10849
8872
1019
10153
27440
51287
1207
84342
1434
1503
54205
1615
1662
8886
9188
1665
1736
10301
3301
30836
22873
10969
1909
9521
1967
1965
8661
8662
8663
8664
8669
10480
1973
9669
60528
2023
55556
51575
54512
2171
25940
2193
22868
2091
24147
2288
80308
10146
2618
50628
29889
26354
23171
2888
80273
2935
23560
2982
3035
55127
55027
51155
3178
3182
4670
3251
3028
3326
3303
3308
3310
3312
3313
51491
3329
10808
25764
3376
7866
55272
92856
3615
3843
10527
7965
3735
9933
23277
23240
23276
3838
3875
23367
23395
3945
388796
4016
7804
10128
55341
4144
27349
64087
4175
23195
4200
56339
79828
84864
29088
11222
6183
51373
23107
10884
60488
51154
51001
4522
4528
4552
4601
4609
65220
80155
4677
79731
55226
4686
4691
4744
10763
9603
4809
51388
56954
54475
4830
4831
64318
4839
25926
8602
10528
55035
79707
9221
9221
4860
4869
8439
26747
26747
9688
4953
29789
10280
5001
5026
5036
10606
55003
55149
26577
22984
5134
23590
5178
5830
5213
5245
7262
23760
5321
5378
56902
9533
64425
55718
5471
5481
3276
10196
10419
9128
8624
55037
10728
5757
5761
51651
83480
54517
11137
5822
79691
5901
5902
84549
10171
10799
23223
51018
23076
23212
26156
10856
9255
10807
81929
26135
6418
79918
6426
6427
6432
55164
23517
6566
6573
6507
10165
81034
29015
55117
54471
8420
6627
6628
6632
6723
6741
8614
26872
11198
6832
10492
6894
23435
26123
64216
7058
26517
10440
79134
55161
55706
10329
54968
27346
8795
30000
10131
54802
55621
80746
55720
55622
7284
51075
7334
51377
7372
7386
9875
10813
27340
57050
55813
7416
114049
55759
10885
9277
80349
54663
79084
11260
9841
7705
7748
57473
126231
55657
27000
