47
2180
8574
262
157567
55156
29028
479
580
581
8553
637
6046
11118
56935
55181
813
10645
4076
9994
28952
9134
100133941
81620
8837
79094
1365
1364
9073
8161
1301
10087
1314
7464
10675
1474
1654
22982
1741
1743
3337
7266
29980
51514
1843
8445
8726
26298
22875
2065
116496
10144
9917
10979
2289
54468
2296
2551
2568
4616
2643
2747
2752
64395
51053
2801
9527
10243
2934
2969
2982
2983
51696
3280
10114
7290
3157
3308
3418
9592
51015
80271
3725
3726
3727
115207
222658
23506
9665
8462
59349
54800
5650
3836
23633
3854
3953
4001
4015
10150
55388
4171
4172
4173
4175
4176
29969
4199
399664
9258
6945
4436
2956
9110
4678
10529
9111
23530
11051
116150
55074
10606
5062
5111
23244
23047
23089
53918
9867
8502
5337
5359
5366
64425
5471
5495
5504
10935
5567
5631
133619
10279
58497
5696
5887
10048
5918
5928
11030
1104
8737
9604
81847
8732
6117
54913
54700
864
23429
9522
8935
7884
11001
6595
9126
57154
8835
79029
10253
117178
6812
125058
7014
7050
7088
7090
25907
55151
27346
7112
11073
55039
7372
7374
7468
64328
11049
10472
27309
7596
25888
65982
