200734
340719
286343
161742
29995
91653
113510
64859
145741
11279
139221
133746
85463
60468
25957
196996
51363
283861
24147
57568
90427
59277
55818
112597
10221
2633
4982
3694
7791
56937
4430
55287
84441
84961
54800
1128
9665
23767
7414
5733
8507
54468
6722
6347
2274
54206
51091
9076
23034
23266
8864
7057
3491
11037
9314
1655
9497
1955
868
2119
6097
595
23522
7280
467
1848
23657
6249
10100
22936
2549
390
3399
196
330
800
744
25901
1060
11228
6674
8459
262
1613
51330
1030
23493
10194
29970
306
84419
1827
7262
6657
1112
3475
7042
23022
860
23764
1846
84440
406991
