220
247
288
306
624
638
667
760
768
816
894
999
1001
1040
1159
1308
1474
1525
1594
1824
1830
1839
1875
1952
1992
2041
2196
2261
2263
2707
2774
3485
3553
3557
3566
3606
3664
3691
3714
3728
3775
3852
3854
3861
3866
3868
3872
3875
3898
3963
3983
4486
4642
4741
5055
5266
5357
5583
5650
5652
5655
5774
6019
6195
6278
6279
6288
6289
6535
6590
6622
6698
6699
6768
6769
6850
7056
7345
7447
7498
7718
7976
8771
9048
9076
9674
9938
9982
10045
10053
10103
10397
10437
10468
10622
10653
10874
11067
11151
11202
23086
23286
23650
23779
25818
26154
27165
27293
28983
29887
29984
50805
50848
51361
51599
51750
54566
54830
55287
55620
55930
56606
56649
57111
57402
57834
64065
79056
79098
79413
79584
79589
79651
79767
79977
161291
548596
653145
10974
55857
84830
1515
84141
55638
26049
79956
55214
653562
728113
100132929
728643
729884
4671
100506658
54845
80004
4072
7161
64683
386757
414305
55227
6537
