18
10965
8540
221079
415
22809
56905
57020
100128569
492311
158067
8535
56267
388389
347475
999
80321
54102
78989
1345
1371
1429
56521
83544
1997
157697
23359
51439
286151
26272
2247
161835
2498
114805
2697
55830
2770
2878
2892
2922
653238
4670
57594
51478
8100
3696
282973
170850
56659
89822
3795
85459
8462
388692
23639
346389
11183
8930
154141
4247
84864
143098
83876
4502
94025
152110
64067
4950
127700
25849
10611
23129
5376
54776
5663
9491
5770
11099
5813
9810
25914
22872
5274
84193
27181
26037
6563
6583
399979
9306
23213
81550
7078
53345
283578
83857
8793
11073
130502
7372
7482
7490
55146
7760
163059
51710
348327
147837
23361
124411
