117
150
154
280
395
443
482
554
660
730
845
857
862
1066
1153
1264
1740
1843
1879
1910
1958
1960
2159
2167
2354
2532
2620
2791
2840
2894
2949
3082
3270
3679
3752
3953
3977
4223
4337
4629
4674
4692
4857
4858
4881
5010
5071
5136
5138
5166
5239
5243
5346
5348
5521
5733
5745
6358
6403
6542
6886
7010
7092
7102
7122
7450
8309
8322
8436
8490
8639
8736
8821
8825
9079
9365
9452
9457
9796
10003
10129
10157
10266
10349
10350
10351
10391
10411
10628
10747
10752
10826
11131
11185
22899
23005
23177
23371
23460
23492
23582
23768
25802
25924
26045
26167
27295
51705
54345
54538
54622
54922
54941
55124
55679
56849
57161
57576
57863
64641
66002
79442
79625
79667
79689
79742
79812
79846
79927
80022
80177
80243
80310
80332
80820
83464
83700
83714
83878
83987
83989
83992
84417
84701
84913
85004
85458
89927
90102
90865
91156
91851
114905
115677
116535
116835
117248
119385
122773
124936
126393
140706
146894
147463
153579
154661
166336
167465
170575
202052
220965
221091
221303
222698
223117
256949
285505
286097
338328
345557
349136
388630
389119
390595
440556
441869
641700
768206
100129583
100130733
100505635
100526835
101928307
101928555
58494
9723
10501
57519
