339263
50804
11037
4897
93589
8743
646962
90634
596
441631
481
24
6585
115290
4065
158471
430
26137
26249
3553
1080
3127
26999
2201
10002
145773
50940
56969
100287465
54440
151009
2737
8843
79841
55698
5915
80206
3755
54800
51279
2690
136306
10481
83938
5816
57451
51481
79870
56121
1475
23007
378938
277
254394
541471
84960
10537
5366
1259
114134
1195
7857
115265
645277
29799
112597
100288723
23461
150709
51804
1280
3902
153222
1690
10157
57162
80726
171019
114915
126147
3502
279
8631
143098
1047
283209
5860
6792
6297
118491
255631
280
79659
90362
116151
728378
26873
152015
25878
1191
23428
23180
5533
1360
51170
221442
376940
90737
753
26191
81575
149041
10957
131831
94241
2066
29760
57677
9411
147837
79923
2177
3730
538
54067
4435
22901
65982
100287685
10590
79846
4602
167691
162394
2941
2940
79875
80129
400242
84680
2099
4582
284119
285141
93210
65055
275
2651
282890
10485
404734
84460
866
57658
122481
619279
80095
7079
863
260293
378108
57396
419
51646
255743
391267
25924
6778
80235
149563
84226
84812
80705
220963
135228
56260
90987
27285
154141
401474
170685
84532
1501
55876
3176
64284
8507
112611
26960
199692
441295
10057
10841
56124
55911
8620
317754
146691
9904
1271
149483
4601
5343
57326
25850
136895
55608
146562
126231
84851
338799
117155
119016
80714
2260
51474
10916
27232
6926
100131801
10725
201229
203238
92312
58499
10881
388403
1942
100132351
150864
130872
60489
177
54847
1001
115294
6441
27031
27165
2323
678
137872
148113
6781
389517
154743
10655
284040
2053
6932
11257
389765
340277
54763
7730
51191
196383
2157
22890
10788
348254
115399
441911
100170939
115330
163059
55068
6419
84808
57182
342908
285908
1130
3660
4494
10780
9665
26013
613037
55063
4088
6526
219749
389524
729171
91120
9394
55096
27445
5463
80022
60686
6206
100240735
57535
64838
816
10279
283232
23177
100288954
2686
199699
90423
146198
79861
10396
1573
147685
51747
202243
79963
22849
2329
79132
7692
100288083
2217
84142
84062
7746
54407
100288890
285962
2947
4122
10724
55668
116842
4953
100288152
80314
6583
100289399
29946
83450
56126
23411
254778
115196
113263
5764
29940
3913
306
5303
81558
8718
54875
3425
26140
79443
57035
284459
55604
123904
2203
6176
83759
57643
135293
6253
23432
100132214
23503
26018
84276
85415
50865
131616
22863
9924
861
389072
7556
79741
78999
80313
114904
57452
283987
94134
93953
80975
404672
1112
10439
29997
8878
29035
7771
3225
84622
23048
54857
10206
6361
653269
57121
137209
26548
84181
27294
79175
51752
51195
57536
145282
29896
112476
7569
1153
10521
1565
6173
540
3291
375743
6136
4646
89849
285955
401466
253725
51447
114044
9630
200845
197320
4814
23506
285622
22885
147798
84245
11232
130502
6161
152
79090
100288640
2946
1513
8537
219956
25875
55015
112483
1
124404
10732
55650
27250
57593
56133
55332
152189
401251
837
81577
30010
23013
78998
84696
80853
26751
51710
284047
54872
374868
90799
63898
220594
4820
81609
149076
1945
7349
8777
23174
401149
79957
9439
10181
594
79789
64132
687
1998
7035
360023
57291
285267
260425
8864
8805
267002
10781
3717
57198
8349
1140
122786
1643
51315
374900
89885
83989
84874
11123
401588
25957
2309
7581
8509
84129
10628
3501
196513
122773
349114
81617
51780
51133
441155
412
90507
54816
55186
124739
25827
55251
638
150275
29068
26122
79630
1838
286319
5465
26224
222166
23112
64968
22838
5928
163050
5900
8936
55769
51380
80336
84173
84217
91574
23550
84932
80725
81928
10811
3476
388886
80017
51696
284058
11138
80216
151393
9842
26048
100288743
8622
143684
4603
7050
7743
100287525
55120
11176
51385
84795
79925
728741
3204
90649
4192
22941
54622
54014
284390
26100
84878
100287869
100287062
51160
7741
23515
9223
57118
6168
100288109
987
51742
203054
9487
23334
4753
59307
56980
54795
55901
79661
55731
375775
130162
10299
1748
56731
3375
259282
51363
57730
64598
440193
23117
57615
5451
84218
5826
144233
57325
55763
147172
175
57547
9467
100287950
4671
9682
7626
23363
1356
202018
55031
5891
2952
3169
93058
55073
6170
79703
3299
155368
583
112703
6594
170960
29894
51117
51015
133746
56125
9877
3590
79629
819
54059
3344
55258
29121
10614
4832
29990
57343
631
80325
8493
51058
22889
124936
151613
644256
7580
1375
7051
283
55204
23365
57179
376497
79364
83737
2301
8439
55108
10605
55616
57348
81854
55683
167359
7572
9896
23224
2186
29998
6137
79844
10693
117608
64847
55246
100170229
79970
83658
546
255967
729156
6584
476
1939
124152
2184
9540
23390
55238
51386
81576
7625
2175
51592
159090
5934
54961
57148
253959
22900
22869
7536
118813
7389
286676
51164
10581
54894
