4233
5578
2202
1572
92196
55076
2919
5896
22822
26047
26353
4248
150365
64116
4624
1769
301
6590
11254
2213
2034
137902
85320
6004
51454
6523
4256
2786
153571
57214
5653
202299
8287
152789
55790
399474
5581
23208
3912
5320
6469
79057
1101
135250
80328
10331
7905
57639
3606
134
5362
6319
57642
5733
29114
151195
92292
284716
134429
79689
3898
388585
84725
100130967
4008
5033
79842
3071
6307
3351
4199
655
56886
84879
760
29094
388419
144501
84419
1084
771
11015
79614
3939
145978
10826
26010
55752
79899
26038
2171
3655
7048
339501
84985
195814
116442
6443
4783
10076
1728
3954
120224
387119
84100
153830
30001
1515
10656
5673
1087
5274
5165
284348
5096
11116
9415
90459
2674
3693
641367
5798
55884
83544
4680
6513
9125
5210
5029
84766
51705
93099
5563
9200
7278
8608
79810
84986
51617
1123
56479
55706
346389
2115
3099
84747
2172
260429
7049
25841
148534
140462
2261
8851
64943
28231
5214
55151
85455
84803
11219
7277
25849
5021
347902
3889
138151
406
1117
23161
9306
5230
22919
3796
288
6715
9658
7037
78990
9399
80777
1846
27111
130074
7448
397
8611
6278
4643
55142
22818
146225
4013
779
896
1891
9871
56852
80086
10105
222
23309
29925
57761
2444
4217
8291
64782
2118
3948
91526
57822
646572
51768
6001
3775
54
84929
388115
57826
5268
256471
5130
161742
442517
8974
135114
664
63826
80856
100288525
4162
51807
1977
9865
51128
7846
221002
57099
246243
55346
11171
115572
228
10592
211
226
84816
266727
63926
114034
55034
8458
5223
1284
7164
130340
54431
4647
116372
26515
606551
84656
144715
27175
54959
29789
3632
1431
26115
55735
506
55331
9650
56474
23322
25994
8987
3320
4232
54438
55326
55041
83641
1965
81876
83752
3998
26499
125228
155435
3689
51316
5873
23603
51194
30819
23193
389898
100132911
7706
23520
444
439931
55013
221
10609
113174
51028
5100
285359
10131
1366
6747
25911
91695
11014
11033
3597
124912
158
117854
3364
132228
23787
1184
51143
613
23594
64693
23466
55798
9631
348110
4719
6675
10552
25917
25886
3883
1723
333
375035
3880
23310
1525
100287932
10239
55973
94081
9801
100133280
255252
55154
91947
3703
8467
57649
3308
203547
55270
57211
10732
10483
284085
5361
2000
8697
84260
55720
100129118
10166
5295
57217
3735
28977
643634
8634
9093
10280
7533
80155
10211
5051
152831
55572
8882
27090
84131
23277
51605
55308
150368
84516
147804
84864
8260
7518
55239
51192
5910
2967
2935
6734
23395
51582
4771
26578
197370
23586
10492
9019
10096
1317
4929
112495
84779
139231
6120
2280
26168
653659
6301
4869
10962
210
100288824
