10398
2736
2199
10154
1831
9315
131578
5157
9510
2535
22982
6382
5358
23452
23493
1902
2331
1893
1490
6281
3479
91851
395
633
1806
8910
1604
4060
9590
11015
1303
5549
1809
1909
2934
8974
4969
1803
79822
127435
10418
624
2006
2615
11346
23266
5125
165
1028
1958
2335
9891
122953
1295
85409
23213
5997
3693
1281
80206
7057
2202
89796
64175
273
3491
23359
79365
1291
7043
51330
4237
187
3624
26585
5376
2274
8840
9935
9452
1513
84168
1264
57125
9023
3554
2339
10631
56937
1462
11031
1278
216
2982
1307
1842
1466
8609
4008
4681
79783
9781
84848
2064
4627
1301
9976
4223
6337
5328
5396
10409
1289
7291
4854
4082
871
2149
4016
1805
8321
4015
25903
90102
1292
1290
2697
1277
90993
5919
8507
8324
9021
27295
10272
9547
10231
3084
10234
1272
2059
7472
10123
6695
4885
1009
27286
8828
51280
800
10186
6678
4046
285590
4330
9509
4320
4920
7058
58189
3164
56967
8038
10457
26011
5308
64403
7070
3399
81035
2200
6424
27122
2669
