100287932
57556
113880
154899
220064
83754
51644
51137
440026
285527
133746
338402
49858
55859
23019
80792
84916
10606
51645
90861
9861
80036
893
27230
51072
348995
8766
643836
136319
219404
9977
8697
202
142
207
230
309
328
347
353
377
397
444
471
501
509
642
655
657
664
858
891
894
908
949
960
983
988
996
1021
1028
1062
1069
1075
1102
1163
1267
1298
1299
1301
1317
1362
1368
1386
1397
1431
1432
1434
1488
1501
1523
1537
1605
1615
1633
1635
1642
1653
1660
1665
1687
1736
1756
1819
1832
1841
1854
1889
1939
1948
1965
1967
2017
2023
2030
2045
2059
2065
2119
2139
2171
2184
2192
2194
2203
2222
2224
2263
2274
2287
2288
2308
2547
2589
2617
2618
2653
2767
2806
2820
2824
2873
2941
2949
2961
2969
3054
3065
3066
3070
3084
3091
3148
3149
3150
3156
3157
3159
3313
3376
3418
3419
3420
3421
3422
3485
3608
3609
3612
3615
3631
3655
3680
3703
3704
3735
3775
3832
3838
3842
3843
3910
3925
3930
3939
3945
3949
3963
3978
4040
4085
4094
4144
4162
4172
4173
4174
4175
4176
4190
4240
4288
4325
4436
4507
4522
4597
4602
4628
4664
4704
4714
4719
4720
4723
4728
4750
4763
4802
4809
4826
4830
4839
4841
4848
4851
4942
5019
5036
5037
5087
5106
5108
5110
5111
5160
5162
5165
5167
5198
5203
5211
5217
5223
5230
5270
5315
5332
5351
5352
5356
5360
5412
5425
5432
5464
5481
5499
5518
5519
5527
5536
5537
5538
5557
5558
5586
5593
5594
5606
5692
5693
5695
5700
5704
5705
5707
5723
5725
5744
5793
5814
5824
5832
5833
5876
5917
5928
5931
5955
5982
5984
5997
6045
6051
6092
6117
6118
6184
6240
6241
6251
6302
6309
6382
6389
6390
6392
6396
6422
6426
6446
6449
6470
6472
6513
6526
6541
6565
6571
6574
6597
6599
6612
6627
6629
6643
6663
6713
6715
6733
6749
6760
6780
6801
6880
6897
6924
6949
6996
7021
7022
7027
7037
7039
7074
7083
7105
7126
7153
7164
7167
7203
7251
7264
7277
7283
7296
7317
7319
7335
7336
7347
7372
7384
7411
7436
7443
7458
7464
7469
7543
7818
7846
7869
7919
7941
8019
8061
8065
8089
8091
8190
8192
8260
8314
8317
8402
8436
8450
8496
8498
8507
8508
8518
8533
8568
8573
8607
8615
8668
8727
8731
8775
8801
8834
8841
8880
8896
8939
9039
9055
9061
9063
9100
9113
9125
9126
9184
9221
9282
9378
9410
9456
9474
9497
9512
9521
9524
9536
9585
9601
9650
9653
9655
9697
9759
9761
9775
9792
9793
9868
9874
9883
9953
9984
10053
10054
10056
10059
10076
10084
10099
10131
10155
10159
10161
10171
10175
10190
10200
10204
10206
10229
10236
10237
10247
10294
10296
10322
10342
10383
10396
10419
10434
10440
10455
10460
10468
10478
10482
10483
10488
10528
10531
10534
10552
10572
10574
10576
10592
10594
10625
10630
10643
10694
10726
10767
10797
10856
10905
10907
10921
10949
10963
10969
10987
10988
11018
11052
11073
11130
11157
11164
11180
11197
11243
11340
22823
22837
22856
22862
22890
22916
22929
22931
22948
22976
22998
23012
23047
23065
23160
23169
23173
23175
23184
23186
23201
23203
23234
23295
23309
23367
23397
23464
23468
23517
23549
23554
23587
23594
23654
23657
23670
23705
23760
25858
25896
25926
25928
25945
25994
26002
26009
26022
26122
26155
26156
26227
26292
26355
26499
26504
26973
27067
27077
27086
27166
27258
27315
27333
27347
28951
28960
28969
28987
29079
29098
29100
29781
29883
29894
29966
29968
29970
29979
50804
50814
50848
51012
51020
51026
51028
51056
51060
51075
51109
51125
51138
51144
51155
51182
51187
51192
51248
51320
51377
51428
51449
51477
51478
51493
51514
51550
51593
51599
51633
51692
51728
53335
53371
53981
54107
54165
54205
54331
54360
54407
54431
54498
54510
54556
54606
54663
54700
54741
54751
54778
54892
54915
54927
54931
54934
54962
54971
54973
55037
55038
55103
55153
55183
55197
55234
55274
55297
55327
55355
55529
55605
55612
55646
55651
55714
55728
55749
55759
55872
55920
55967
56034
56256
56616
56647
56852
56882
56889
56993
57122
57181
57222
57447
57473
57561
57602
57620
57695
57761
57826
58155
58477
58485
58516
60481
60559
60560
64129
64219
64834
65059
65108
65220
79050
79071
79077
79084
79094
79135
79184
79589
79645
79646
79877
80148
80155
80303
80777
81539
81542
81556
81609
81611
81619
81929
83692
83716
83743
84065
84133
84154
84188
84196
84289
84309
84441
84617
84631
84661
84707
84726
84790
84908
85013
91368
91408
91942
92105
92312
92400
92597
92609
92856
93081
93380
94005
94081
94101
112724
113178
113829
115024
115106
115817
116150
118987
120071
120534
125228
129080
129642
130074
131076
132001
133957
134430
143384
149041
150771
152006
152273
157638
160418
161742
171546
200424
204851
221035
222068
245812
253143
256126
286097
373156
493856
494115
552889
644672
10431
10502
11315
134429
192674
1964
22818
22820
23027
23045
23651
283652
29128
30969
4847
4953
49862
5059
5482
56263
5712
57712
595
6417
7795
79700
8765
92379
94351
9533
9843
992
