60
286
360
489
627
650
654
775
810
960
1285
1407
1611
1948
2246
2674
2762
3486
3491
3694
3899
4008
4643
4772
4803
4862
4897
5055
5212
5523
5618
5764
5791
5820
6092
6095
6274
6532
6533
7021
7091
7704
8796
8821
8853
9333
9723
9780
9848
9912
10082
10100
10276
10468
10626
10873
10991
23189
23321
23432
23705
26002
26353
50937
53905
54549
54855
55068
55287
55608
55753
55959
57161
57211
59269
63876
64116
66000
83643
83690
83872
84159
84168
84293
84525
84803
84951
84952
130574
170691
388630
440193
1.01e+08
94010
644054
80036
30011
414203
57712
