644189
100133941
445347
100506492
339287
283120
401474
222171
171177
29028
93210
201266
266977
64834
253190
11343
149563
132299
163732
85477
58476
114990
144501
440335
140576
128434
80004
160313
120224
100131187
51755
23555
27237
124976
123036
400451
199974
127281
124220
57761
84299
64114
83541
126695
84953
26509
23089
2199
50617
79258
114569
56241
55062
56649
7494
54165
7163
200958
5880
54502
489
2886
8140
55969
8673
51181
51442
6774
55486
92856
2644
1675
3397
5121
9424
128218
4715
26298
4292
26090
57178
8942
9914
57580
4502
5711
9123
6484
10809
1201
63901
27076
7982
928
57402
25825
10669
84163
3169
9718
7851
2064
5349
95
25966
57016
1545
55739
5538
1081
10095
93100
10331
8537
7069
22996
79746
837
100131096
220
5031
6185
6286
79170
6398
8451
397
3315
4151
10457
9289
26996
11187
4942
10579
54795
79887
9645
51110
4000
1397
3783
51042
11079
54869
30
10205
55905
5476
54979
10974
3898
10269
11264
79083
51700
5660
310
3728
9375
79697
79838
6720
64787
3625
54935
6649
79961
1958
64073
4111
64747
57139
8635
360
1906
3692
3964
55450
1999
4257
8416
1501
11046
4683
9865
1366
771
2034
28998
55876
4072
6692
10551
57552
7045
11163
3669
57379
25803
55040
11322
1465
10437
84933
2625
3880
4232
11145
55858
79679
801
9897
1942
6382
10653
4928
79156
9852
10538
79139
3303
5017
11034
1534
1191
1485
3856
64063
828
1666
3866
481
5652
4250
9368
1495
4105
6376
6768
7037
2194
3164
3778
3875
3959
818
822
3851
4101
6282
7033
10327
58472
3956
4680
79153
826
5029
6183
6275
6277
6280
7031
7043
1364
1365
3855
4070
4071
4100
5878
5879
6279
27075
79152
100616497
