2
12
21
97
98
104
114
115
185
212
215
226
273
308
309
313
333
358
378
473
477
482
489
537
573
622
636
664
671
686
720
755
765
770
771
786
817
858
859
901
928
961
973
975
1032
1114
1123
1182
1184
1198
1267
1280
1282
1284
1290
1298
1299
1300
1301
1302
1310
1361
1368
1463
1478
1515
1519
1573
1600
1608
1622
1628
1690
1725
1740
1743
1768
1770
1780
1787
1789
1806
1809
1831
1836
1906
1950
1962
1993
2009
2019
2023
2065
2152
2173
2180
2185
2201
2203
2261
2339
2350
2534
2550
2597
2625
2632
2664
2719
2731
2752
2760
2824
2828
2833
2877
2887
2909
2917
2992
3032
3131
3321
3363
3398
3417
3426
3606
3614
3636
3680
3704
3707
3709
3717
3739
3741
3742
3764
3769
3791
3795
3801
3906
3910
3936
3984
3995
4131
4147
4166
4190
4200
4242
4259
4285
4286
4313
4325
4327
4336
4524
4593
4648
4703
4745
4752
4774
4824
4828
4864
4887
4897
4947
4974
4983
5013
5021
5122
5137
5151
5152
5153
5163
5164
5165
5168
5172
5211
5214
5217
5230
5239
5244
5271
5286
5327
5340
5351
5352
5354
5357
5362
5436
5441
5445
5446
5457
5470
5502
5577
5588
5636
5730
5732
5744
5795
5803
5825
5864
5865
5896
5897
5922
5924
5925
5954
5997
6000
6003
6017
6035
6247
6252
6263
6271
6285
6304
6310
6383
6414
6445
6456
6462
6478
6490
6522
6530
6535
6548
6563
6571
6641
6642
6653
6660
6663
6671
6717
6720
6744
6764
6867
6870
6888
6904
6925
6945
7008
7015
7026
7042
7068
7074
7102
7106
7127
7164
7181
7276
7280
7345
7358
7368
7402
7428
7431
7436
7450
7455
7485
7515
7681
7844
7851
7855
8153
8187
8224
8348
8372
8395
8404
8417
8434
8436
8455
8495
8513
8526
8543
8556
8566
8572
8804
8829
8835
8836
8850
8851
8853
8854
8863
8869
8905
8916
8970
8993
9019
9024
9033
9043
9068
9071
9076
9094
9194
9201
9245
9249
9252
9315
9331
9338
9358
9365
9394
9446
9452
9468
9486
9491
9514
9517
9528
9531
9545
9572
9607
9657
9685
9723
9732
9762
9770
9771
9781
9804
9805
9825
9844
9846
9848
9855
9910
9914
9957
10003
10099
10113
10157
10194
10206
10225
10226
10284
10289
10404
10420
10479
10497
10509
10519
10551
10568
10580
10606
10655
10669
10672
10675
10677
10699
10732
10752
10814
10875
10891
10913
10924
10936
10956
10983
11001
11005
11031
11060
11069
11076
11077
11141
11142
11165
11166
11245
11247
11252
11254
11264
11320
11322
11332
11341
22795
22800
22836
22849
22905
22911
22934
23014
23035
23043
23051
23092
23099
23120
23127
23131
23150
23154
23169
23175
23179
23187
23189
23242
23245
23270
23312
23348
23417
23424
23426
23456
23461
23462
23536
23539
23555
23562
23576
23593
23670
23677
23741
23746
24141
25793
25800
25802
25805
25833
25841
25874
25925
25939
25976
25978
26002
26010
26033
26037
26045
26090
26128
26136
26175
26269
26298
26468
26512
26524
26999
27035
27075
27235
27241
27253
27324
27345
27352
28970
28983
28984
29095
29801
29850
29906
29951
29995
30844
30845
50506
50515
50808
51005
51090
51095
51097
51110
51201
51294
51339
51380
51534
51554
51616
51635
51665
51666
51715
51762
51768
53344
53405
53616
53637
53832
53834
54033
54221
54331
54463
54566
54676
54704
54733
54842
54886
54893
54899
54922
54946
54959
54961
55002
55034
55129
55179
55184
55214
55256
55300
55504
55521
55638
55665
55679
55704
55768
55776
55824
55827
55840
55902
55911
55970
56253
56255
56261
56271
56603
56666
56776
56834
56894
56895
56907
56912
56928
56940
56953
56979
57057
57105
57120
57146
57161
57169
57338
57379
57393
57419
57446
57447
57458
57463
57465
57494
57520
57533
57544
57556
57580
57613
57628
57670
57685
57689
57718
57721
57758
57795
58494
58495
58526
59084
59341
59345
59353
60468
60676
63027
63874
63895
63915
63951
64101
64127
64131
64446
64768
64901
64922
65055
65059
65082
66000
66005
79029
79140
79575
79583
79589
79608
79645
79656
79674
79683
79690
79747
79772
79774
79796
79815
79853
79858
79877
79899
79901
79929
79932
79969
79983
80000
80012
80036
80150
80243
80318
80339
80344
80731
80816
80864
80975
81035
81544
81550
81562
81606
81615
81704
81706
83445
83452
83543
83604
83700
83851
83856
83876
83988
83992
84059
84181
84290
84309
84343
84675
84679
84706
84708
84876
84886
84890
84892
84910
84932
84959
85301
85315
85414
85415
85440
85443
85458
85462
85477
87769
89778
89781
90135
90293
90355
90390
90627
90826
91012
91156
91404
92154
92421
92610
92822
92949
93611
93663
94056
112802
112885
113178
113263
114294
114822
114876
114881
115111
115361
116151
116173
117177
117583
118471
118611
119765
121274
122622
122773
123606
124602
128853
129285
129521
130589
131368
131450
131566
132014
132720
132864
133584
134111
135932
136853
139716
140689
140733
140735
144110
144203
145173
146183
146760
147409
147906
149345
151126
151313
151393
152926
154091
154865
155066
158038
160428
163351
163732
166614
169200
169693
170692
171546
192670
199720
199731
200014
201134
201780
202374
205428
220032
220441
221079
221178
221294
221662
221935
222223
223117
245973
252995
253782
254887
255231
256126
259232
282679
283358
283652
285175
285704
286827
327657
338645
339327
340146
340156
340267
342125
347733
349149
353322
373156
375035
387755
387911
388419
388650
389072
389337
400916
400954
400961
401494
402682
408263
440026
440400
441549
442721
643596
643965
644150
644943
729330
729515
730249
100287284
100533105
