95
128
158
191
205
269
328
641
699
701
708
790
898
991
1104
1111
1164
1207
1491
1678
1725
1736
1763
1789
1801
1802
1933
1936
1965
1967
2079
2091
2171
2193
2287
2356
2547
2557
2618
2648
2968
2971
2987
3028
3070
3094
3177
3178
3336
3364
3613
3615
3781
3843
3939
4128
4174
4501
4522
4605
4673
4691
4830
4831
4833
5036
5198
5347
5427
5434
5435
5437
5439
5471
5557
5558
5822
5876
5984
6117
6122
6132
6137
6157
6159
6167
6182
6187
6207
6218
6231
6241
6472
6502
6541
6573
6627
6676
6715
6749
6950
7064
7263
7347
7371
7374
7818
7866
8192
8260
8458
8607
8624
8664
8666
8731
8815
8872
9086
9136
9156
9212
9319
9349
9410
9521
9532
9718
9824
9837
9894
9942
10102
10105
10112
10146
10204
10212
10322
10360
10480
10531
10539
10557
10574
10575
10576
10635
10736
10856
10884
10885
10940
10969
11051
11065
11137
11222
11266
11331
22894
22928
22948
23246
23404
23464
23521
23590
23753
25804
25926
25929
26121
26227
26354
26519
26520
26747
27043
27101
27132
27165
27293
27338
27346
27429
28969
28987
29087
29089
29880
51013
51018
51056
51067
51068
51154
51175
51184
51218
51388
51477
51512
51602
51611
51678
51690
51728
54433
54475
54496
54534
54663
54819
54853
54865
54892
54989
55027
55055
55120
55153
55203
55210
55320
55388
55646
55695
55732
55746
55789
55872
55973
56342
56902
56915
56950
56984
57405
57407
57418
57461
60487
60491
60493
60528
64118
64151
64318
64943
64949
64969
64976
64979
64981
64983
65003
65005
79050
79066
79077
79084
79622
79723
79807
79902
79944
80222
80755
81579
81620
81890
83448
83475
83694
83743
84057
84108
84128
84135
84154
84172
84285
84306
84310
84515
84549
84561
84661
84844
84924
90480
91272
92345
93436
115106
115708
116447
124930
126003
128061
131076
131474
134492
134637
136051
140707
147015
150962
153768
157570
164592
196743
201164
221830
222234
246721
283248
283989
284257
317781
339230
349565
390916
401541
548644
653519
692312
100526760
100526837
100534599
100885850
59344
89839
55143
51463
28998
10573
51263
51318
55173
56945
51649
64432
51081
5482
200916
94082
142940
64048
449618
191592
654814
65002
64987
64985
64980
64964
64953
64952
64950
64967
51645
553116
118980
170561
106821730
3735
