118
143
330
334
355
567
757
894
972
1043
1191
1265
1545
1628
2034
2040
2217
2308
2621
2934
3108
3119
3120
3212
3383
3459
3554
3566
3572
3632
3659
3709
3717
3909
3914
3959
4050
4084
4237
4240
4616
4790
4791
4794
4882
4921
5613
5616
5698
5971
6404
6548
6609
6793
6892
7048
7096
7114
7373
7450
8082
8417
8434
8742
8837
8999
9046
9056
9111
9399
9445
9563
9564
9600
9770
9865
10347
10365
10392
10398
10439
10659
10865
10906
11151
11167
22839
22911
23179
23295
23308
23336
23344
23406
23424
23527
23604
25849
25865
26167
26471
26524
28232
28514
29959
50650
51063
51365
53834
54436
54480
55589
55654
56603
57097
57153
57326
57659
60312
63917
64109
64743
64857
65065
79812
83464
84225
84441
85360
89886
92241
92610
114757
124222
124460
130132
131583
137994
161882
253827
261734
285313
286133
340075
401409
120329
1231
23045
8199
54873
100506742
729230
285527
84557
93975
