90990
137797
27161
114
58500
594842
5339
90987
286101
66001
4856
51305
84948
401480
50807
50626
64798
23237
23639
286109
22882
375686
23167
84875
54108
90342
55039
10086
3037
26233
2131
619460
646338
340385
5168
114822
642574
23246
23513
8928
8629
642658
575
1e+08
9401
80728
9831
729395
157530
1e+08
4796
93594
3260
729628
642872
442403
157769
727957
286128
9684
7564
79581
4982
2738
3297
51236
81858
27085
286053
4609
203054
401475
93100
728862
54512
116447
441381
157381
727904
6713
1936
22898
7038
65263
113655
9897
8733
83696
728879
80778
8581
4061
4062
700
414919
7264
338005
286121
1e+08
83481
286126
79792
54742
729330
11156
225689
594840
137209
728071
84232
401478
203062
6482
5885
51571
26873
728079
729552
728724
728033
8667
83482
1e+08
50968
648630
5462
169044
51337
7553
286052
83940
66004
11236
340390
8000
340371
23144
360176
79139
442396
338328
84988
79943
6132
10397
169026
2843
2765
6873
5820
137196
29028
286076
65265
55093
2907
644660
114907
389692
157638
729563
57210
57152
1537
8840
3786
84985
57623
286077
10656
286094
117193
347704
137835
56169
641384
728000
157378
8694
2423
729286
29894
2422
2421
4715
29065
392266
392267
392264
392265
286075
727967
55630
51105
392268
50966
401474
79075
286103
10639
642295
286102
650095
645809
392275
389690
392271
90390
441376
312
2875
441377
51160
727872
