23345
23194
8543
2719
7102
4192
57509
216
1809
275
2628
2944
713
3485
358
6515
1113
23089
5168
4638
3679
8910
3708
7301
6414
5156
5187
1292
151987
501
1645
10278
55970
3655
4629
8406
7058
51035
2697
8490
2878
6422
1026
83604
10912
2260
6659
2550
2195
11031
3434
5348
1363
2353
83988
1346
10974
6035
894
2052
7123
3486
3164
348
5947
64061
3429
3489
8788
26137
6623
1628
388
1410
26471
6649
4129
1009
6604
5005
3371
1627
9452
9962
3983
7485
51363
22795
784
25800
2941
5310
79921
7216
89927
7021
4684
9945
23335
27245
1943
23641
10982
65057
9770
29970
5996
3897
11145
10962
5101
6616
1114
5764
6663
2173
10231
10439
1381
1780
7857
9899
3988
23705
214
1759
9415
2281
9892
6252
2026
3800
10752
4852
25999
8653
11156
4023
6857
3638
284
7078
100133941
22885
2180
220
4118
23136
288
124
5105
7103
6696
8349
2596
11075
5730
4128
4747
5354
12
6750
7122
8537
347
9145
535
1917
7067
51706
398
7088
4915
3300
23158
5860
7447
4741
4155
7089
23321
1955
6285
10079
57060
7545
3925
390
5569
1000
4651
2705
27339
54861
5999
3851
5881
2034
7321
4900
5545
9079
9254
3162
27090
5493
1462
361
10406
1755
5265
21
2152
3730
11197
4005
341
11151
116138
3250
10529
346
1299
1999
9071
7546
9368
2574
4143
1428
6662
2261
7226
1847
5799
79734
3306
1140
8534
27121
27347
51343
15
3029
11170
9572
9378
1855
4356
4208
5530
5080
6861
2786
2788
10570
29114
10900
23209
3360
1896
9542
90355
10633
869
5003
10716
51412
80256
5789
4990
534
8781
2244
1466
183
10521
22903
213
23236
8659
51382
23046
3761
3265
718
9607
7108
1524
333
771
6327
2571
50649
7425
1838
5602
4137
5274
57030
10368
9751
5138
23542
4884
1298
6804
8938
6000
9568
5364
22905
5121
1400
11041
4062
1641
2562
1159
26040
9783
2743
5122
5653
770
7704
9699
4133
2891
4826
2043
2290
1124
2775
63941
2263
11013
794
885
1996
4212
322
5798
5662
2902
4857
9900
8484
9201
8470
873
1463
9796
5645
273
51704
6447
5179
18
9651
9737
9478
760
9844
9915
10579
192683
5078
1804
26047
4297
26133
1993
6620
1002
5142
25977
6695
7991
4974
321
4495
131408
10245
5064
10656
4524
2196
9399
4303
9863
9649
5800
6833
9705
5412
2254
24148
50855
2983
5439
10297
491
9053
10810
6511
6585
60528
755
10608
883
773
1850
1949
6712
10472
23466
793
4858
8869
27303
9997
745
22895
6752
1267
5567
5590
4756
25830
482
6782
54738
2185
1951
56848
8549
5362
58473
56255
9788
1910
636
27229
2123
3706
9638
9922
8324
5676
373
53335
3775
2823
9148
114088
6263
274
1742
22932
8722
6507
6450
23522
10659
23270
5129
9762
3892
55218
10675
6324
23305
23760
9662
9781
10057
862
3628
2901
27289
54665
64405
5579
6773
1325
22848
5803
26011
4665
4675
8729
66036
11127
9215
4802
9028
23476
2566
9230
8622
6457
9911
9355
7124
23237
1443
3741
6812
23532
25797
2350
4919
2487
2897
6192
3043
9806
7345
7018
1081
5210
5654
1152
1056
22822
41
6531
3908
7060
3625
4435
9077
5413
3642
9993
9805
5649
481
9823
8404
51083
25849
1016
