7465
2547
3662
472
3068
2968
27309
80143
990
5795
2091
9112
1353
3099
6599
5198
3735
5889
23019
6776
11065
9
143244
471
10024
6602
23306
2334
9521
22974
114908
30836
7023
7520
1058
22999
1660
10196
10899
10898
7037
4507
7027
23636
3015
5511
3932
2395
5347
11130
605
10432
5687
5885
1054
1176
2224
4605
10733
9933
1622
991
6566
10471
3181
9410
10523
4673
6272
7919
6850
5001
5379
8505
1633
1965
10978
8723
25983
10606
974
23029
11169
79621
9360
5721
9156
79572
890
11052
51491
5591
539
1062
5692
5757
9319
5955
8883
8726
11073
10153
5076
11056
7341
23435
3992
6598
4839
9735
911
84823
7272
1457
4068
8317
5715
27292
26574
7270
10204
25936
3320
7411
8520
6636
8446
2653
11064
8451
9675
701
9404
401251
9879
4953
4331
10651
5993
29889
10212
23279
22929
6227
312
23160
4683
285672
55573
10492
1854
3608
79022
54471
5612
4521
6426
9412
8434
4085
9125
891
10535
8487
910
1138
3939
9777
9702
10845
5683
23244
4282
10592
7112
8458
26747
4691
9862
865
94015
7374
642
10528
6428
3187
4172
4830
1743
10438
92140
983
6240
7290
6427
7398
10230
6929
4436
6635
11335
9232
6170
6124
5110
7152
8813
7690
9689
1737
5685
4904
2956
1615
158
56267
10797
5932
55720
9589
4173
84901
142
2253
2079
51512
27333
3191
10399
5050
11321
5902
5527
3422
10907
79084
6194
9477
9797
93594
84549
3312
6628
81542
84759
26152
10048
3066
94239
86
22996
51574
6880
10036
10598
10393
7978
8880
6003
7443
6917
23635
4763
9941
641
11074
3833
9768
56910
57050
8975
2130
151230
23020
2237
2971
11168
55183
90410
7486
11257
10622
9403
5501
9816
3336
10146
4361
81611
11137
100499177
5431
1875
790
7153
586
6472
1487
3843
3605
7514
5930
9733
9700
6597
3161
220988
2643
5965
84900
167227
23076
638
51690
6950
699
9585
3420
3845
27338
6241
10473
3376
4174
51029
8914
29902
7329
2071
23225
892
7468
7307
5230
5985
2171
689
9083
27339
4690
8683
9801
23234
51433
6742
7458
9775
10138
11235
22916
3609
10009
7203
1060
11339
5983
6491
6502
9212
3308
4666
7594
9184
608
202559
9787
7323
2589
3150
899
120526
5883
5478
7481
9326
9551
5436
3148
6713
4670
25814
9567
7019
399
7529
5437
6908
8533
5111
23394
54474
10282
5439
4676
9897
51350
6128
2961
4171
4841
9133
54107
580
9188
23173
51096
5428
9646
7979
23483
9943
5631
6633
8318
9031
7748
522
1031
10672
9295
10403
23215
3638
10775
1802
56681
22934
27341
4199
2841
6902
1716
7064
6629
5928
4640
27258
6045
10635
6790
10657
10301
4801
8260
9669
9918
1719
3978
10412
1164
10285
7884
6749
6921
552900
9134
3151
29114
11177
25913
8602
8550
4144
10575
3832
11146
27097
55233
23246
2222
30848
2146
5810
8364
55658
25842
39
3396
4927
1736
79441
6741
6728
4609
3182
4001
5481
1104
7029
8570
10198
10376
10236
5682
2935
708
5450
8607
4836
3149
10926
47
1345
5052
7528
1678
5684
672
54205
9556
57405
6942
9324
5294
22
7347
6509
6117
9898
27109
29893
1662
9140
9653
5771
1374
27043
2936
2695
6877
8438
23240
10200
1349
51367
5901
3313
8886
3146
8872
5036
2959
3183
11157
10664
8833
1665
9682
7324
2491
4608
24140
2784
4288
55215
930
1063
7150
1738
11200
6626
10576
7584
8140
3620
23480
22948
9841
22976
10175
5984
23185
2035
4709
10744
27035
8289
80742
27315
6155
6418
4236
22823
545
5336
1786
835
2108
2192
10001
6726
5529
3654
3930
7555
10989
6119
113251
55651
1147
4116
8894
9928
3329
7913
5018
29105
3185
11104
27340
1977
7334
6731
3276
4968
8667
6874
10694
3925
961
8575
10199
5411
4176
8467
9821
10051
64795
55699
8856
7326
4729
10238
10054
3156
11004
5427
3423
26986
10772
7174
1019
3565
60528
11222
6873
8805
6233
23165
100506032
675
178
23200
10988
4686
23421
8428
9057
7531
8115
10426
6936
89845
97
1163
7371
9833
4869
9837
6434
1849
26135
2305
25859
3918
1933
292
246243
8697
6672
27316
5925
8354
1763
23512
690
11340
10808
10360
9349
22850
2483
5818
8443
6637
5519
6627
6059
10434
9972
9887
8243
317781
114034
55854
2958
10935
23607
3251
5426
4849
6421
2960
10616
199870
3065
829
10623
9126
6882
1434
51499
6201
6541
7298
9221
27000
79161
5686
4678
6001
3945
5701
23212
56902
5816
5709
9824
5706
10452
58500
9401
6634
5326
4175
7511
9255
3838
10915
8266
10615
1841
81875
81620
7570
1503
23658
6996
9128
1111
100
84986
5636
6870
4901
23203
9063
5422
25804
3938
913
10440
51668
27257
10038
5203
9883
10480
6631
