4208
55167
6861
10611
1944
7798
9066
5592
223082
490
64746
491
186
54769
8301
25942
284058
2904
66008
84152
25928
3192
8473
5607
2894
56160
56899
1948
94160
6426
51496
56978
390
5594
122830
8028
9873
26060
120
6456
1605
114815
142685
9761
9644
9859
22878
26058
6434
26468
54880
55922
5604
4092
51247
9794
1387
166968
2290
6474
1745
29068
10238
1750
167227
7227
23360
7049
64750
79665
6938
157769
1184
571
26046
56142
79689
56141
57338
56140
9752
56146
158471
56145
56144
56143
57628
56147
30819
7095
57609
27013
23317
51527
5250
9444
5870
56704
64839
6733
5911
55216
56952
90488
57826
4067
83259
27328
23229
2965
2915
54014
896
23380
51727
92140
388403
63874
11057
81618
273
6780
10243
6418
2823
83690
64919
1293
57459
5110
66036
11261
8773
54470
9320
607
1452
9265
122011
27125
2892
23024
331
2107
6018
440184
10914
7082
51264
286554
84248
23338
54904
57659
85465
154796
7804
323
6547
1112
83607
5362
57863
8945
6815
829
5579
2342
3224
23435
55958
54765
57552
26579
23369
80310
83737
3705
2794
149041
8539
10137
771
53353
7555
9201
51559
23299
9818
139065
283310
3321
55589
64799
5738
1456
2260
79869
7942
659
3742
56134
56135
80742
494470
136319
23787
56139
56138
56137
168850
6498
9468
55342
27065
56136
860
864
1173
23090
2683
6877
5775
7003
8013
55156
10014
57282
1977
56951
1859
55288
6996
3097
5906
118429
219654
55030
4628
57862
1869
10988
11166
11189
23405
93621
7913
27250
9139
10742
84099
648
10251
283212
10612
256130
5458
55432
23236
10643
5277
1912
55810
29081
9580
1961
9369
114928
6664
7544
2099
83850
1021
6814
613266
10150
4154
388341
5813
55159
10499
23095
23467
22843
204851
694
374864
57678
23506
90
54726
2444
7306
51809
153572
25976
5495
28951
7170
4534
55658
79832
83641
91860
10777
55638
114299
340554
9887
5048
5453
1641
23112
2277
4775
134553
324
23001
2775
4771
124404
23035
140733
1809
60592
92912
2641
9760
3434
57084
339983
3398
6671
8850
54778
