10067
10092
10158
10228
10262
103
10456
10472
10623
1063
10638
10654
10712
10753
10765
10899
11243
11266
11279
116832
1196
123
1314
1382
142
159
1660
1942
1945
2029
2058
2155
2224
223
2271
22796
22874
22926
23219
23248
23385
23528
23623
2444
25782
25874
25896
259266
25936
26154
26750
27042
27089
27097
27101
27173
27246
27252
27285
2745
28956
29097
29104
29108
29956
3068
3140
3664
3707
375035
3775
3790
3964
4170
4486
4580
4582
4720
4751
4931
50848
51018
51022
51027
51029
51094
51097
51107
51182
51205
5121
51377
51430
51506
51603
5194
5202
54344
54499
54530
54583
54953
54996
55034
55105
55127
55157
55249
55526
55585
55699
55732
55740
55746
55758
55974
5664
5692
56950
57111
57147
57402
57645
5796
5824
5877
5993
6016
6045
6051
607
6282
6286
63931
64216
64222
64746
64757
65123
6635
6675
6726
6746
6905
6944
7100
7159
7203
7257
7286
7678
7818
79005
79017
79577
79590
80232
81609
81875
824
84288
8443
8560
8564
8703
874
8751
8799
8804
8934
8991
9015
9019
90806
9129
92342
9453
9557
9588
9673
9816
9826
9857
9869
9887
9898
9917
9926
