112399
7430
25921
801
100506714
5130
5756
80045
10509
8569
10890
84617
4644
5650
79650
257364
1839
8038
8609
25923
1827
9683
64768
27111
29985
9545
154761
80328
54978
3489
10053
81555
1318
79755
771
9454
29982
7171
84985
51734
11202
23307
147700
84752
837
23299
51304
51527
9263
51271
389337
4860
284119
8821
6279
114904
3084
53833
3597
1041
64866
317762
163778
9321
4094
51099
4615
170689
4124
25791
11031
51026
80157
7378
10043
10804
8650
23603
10652
90024
55568
10558
3939
5017
1849
54861
1613
9208
348938
1154
11015
11072
81786
3852
122416
221393
84337
84951
3340
54751
5480
113444
134265
151516
3614
10015
960
7798
89886
11010
9341
8626
578
9749
10468
85439
114884
1258
83861
5829
682
55207
2760
100506870
1316
10762
57572
7436
4084
7782
9424
140766
10999
3713
79613
54516
10098
51200
9168
80131
84674
51155
255520
1452
2810
144501
158219
83892
574414
3854
51398
6548
8992
92912
10630
5655
113146
9159
8974
201799
26154
27095
78992
639
5654
57121
64065
10827
51474
9935
26115
148022
55238
3163
83481
57192
9943
1832
1992
58472
1317
30001
80315
3872
147040
23589
57458
4238
79629
64859
2706
26525
10855
26091
7126
6382
88455
171177
55041
5099
4319
5594
7319
9520
57822
84659
2824
100507507
30846
6699
4520
5744
211
3868
84230
7905
25822
57406
6525
166929
57214
29095
5467
29966
2171
79098
5742
55379
28962
26269
55700
10226
2769
5526
50509
112939
4218
200014
378
133
91300
284207
4312
26136
6273
5066
55057
54442
144406
113
649
27351
3861
9635
401647
54210
55664
115704
7071
56829
571
1176
84817
948
55013
30844
9950
51073
1241
7277
4907
5718
79413
5329
5229
6513
4360
123879
54626
84648
23673
2196
151242
85450
9991
79671
645687
259173
79026
375449
9114
6369
85377
6744
3292
646
91947
2069
11346
5597
5358
57707
285590
10755
55287
8655
81565
254102
3624
55852
23276
1823
3091
4134
122786
11012
204219
9842
51128
51635
10634
22936
3552
56169
79016
55337
56929
56895
54207
374918
81607
7975
9958
90527
83442
23682
126917
54947
84668
3728
8976
379
55346
29775
5738
3831
80352
10938
401152
10994
54857
285761
7332
79837
5917
3269
1026
121214
147920
10826
8111
57589
2770
64167
8140
347735
729830
56681
6277
6249
1368
84283
55033
11140
22839
3853
1690
23446
647024
1454
80765
26277
