283761
7516
1944
9721
9088
1267
5589
27350
7040
4850
3508
80317
27069
9939
11143
23351
7275
11165
6257
6901
23550
4998
4245
9600
158
4598
6843
2740
49
51343
9719
5208
222642
8515
23307
156
22853
9742
51763
8703
5780
63036
2859
2962
8517
3681
10188
5630
415
3340
5409
23432
6949
25786
10869
23108
5170
54039
283238
23253
7849
7542
8237
23387
3299
835
5733
9138
4355
10712
26152
4074
9351
10749
421
256364
5201
57151
9563
10223
1272
27013
177
3757
1413
8751
64386
9772
89910
29896
26030
6118
400961
265
816
1238
4956
23046
6560
1819
7172
22997
9189
5032
2931
369
124801
3356
