10112
10121
10142
1017
1019
1021
10213
1022
1026
1027
10274
1029
1030
1031
1032
10382
10383
10393
10403
10426
10540
1058
1060
1069
10714
10726
10733
10735
10806
10844
10926
11004
11064
11065
11116
11130
11190
11243
11258
114791
1163
121441
132660
143471
1453
1454
147841
151246
151648
1639
1719
1763
1778
1781
1859
1869
1870
1871
1874
1875
203068
220134
2237
22897
22919
22981
22994
23198
23332
23421
23594
23595
23649
246184
2491
25909
25936
26271
27175
28227
286826
29882
29935
29945
3065
332
3320
348235
348995
3619
378708
3796
3978
401541
4085
4149
4171
4172
4173
4174
4175
4176
4331
440917
441488
4605
4609
4751
4926
4998
4999
5000
5001
5048
51053
5108
5111
5116
51433
51434
51529
51659
5347
5422
5424
5425
5426
5427
54821
54908
5501
55055
55125
55142
55143
5515
5516
55166
5518
5519
5520
5525
5526
5527
5528
5529
55388
5557
5558
5566
55722
55746
55755
5577
55835
55839
55920
55957
5682
5683
5684
5685
5686
5687
5688
5689
5690
5691
5692
5693
5694
5695
5696
5698
5699
5700
5701
5702
5704
5705
5706
5707
5708
57082
5709
5710
5711
57122
5713
5714
5715
5716
5717
5718
5719
5720
5721
57405
57551
57804
5885
5903
5905
5925
5928
5933
5934
595
5982
5983
5984
5985
6117
6118
6119
6232
6233
6241
6249
6396
64105
642954
573971
645084
64682
64689
647000
647654
64946
649620
6500
6502
650621
651763
652826
6790
699
701
7027
7084
7277
7283
728590
729012
7298
729948
729964
730418
730594
7311
7321
7324
7465
7514
7531
7532
7840
7846
79003
79019
79023
79172
79682
79902
79959
79980
80152
80184
80254
80321
80776
81565
81620
81929
81930
8243
8317
8318
83540
8379
84296
84515
8454
84643
8481
85378
8556
8636
8655
8697
8881
890
8900
891
894
8945
896
898
902
9088
9126
9133
9134
91687
91750
9183
9184
9212
9232
9491
9493
95681
9662
9702
9735
9793
983
9837
9861
990
991
993
994
995
996
