6503
9871
55301
29760
894
3337
55117
6095
7804
10402
55179
6612
23705
64699
30845
1488
22882
7298
55244
81029
23189
60489
1647
64109
5657
79094
6059
343450
23212
79159
3182
23645
8840
8496
596
80774
55003
468
9447
51131
4242
6641
4068
5901
10735
23082
9976
3082
9903
9120
7468
2982
6432
64798
25780
9749
80324
6404
1997
5603
7494
51465
6509
355
2620
1200
7805
6652
634
9454
56605
55080
79174
4063
3635
28960
7253
26051
8851
6759
5087
1193
1e+08
960
10105
9531
8454
4613
7456
55026
3561
203
81539
729230
11018
23764
10322
4602
9446
1982
3162
2288
7371
7982
5026
114876
23367
1649
55110
399
25864
26053
8439
23225
1075
9197
608
4973
27000
824
3068
3303
598
79071
65999
4610
3045
5310
5699
11217
5651
4155
288
1195
11080
8602
4609
1984
10874
962
2697
2971
471
51512
10659
6421
64581
9236
4033
6382
3043
27255
9709
4045
3304
51752
1983
6223
397
51491
57178
113
5723
50615
5788
811
8473
1630
8837
2629
6472
51363
1054
26040
11184
3310
25797
5347
6480
3047
5450
9750
9874
8535
1e+08
2171
1848
8793
23392
7407
6282
23598
9440
29103
51018
80183
467
6573
7324
5366
23613
79623
29968
1491
60528
28986
6664
26112
25854
26207
3669
2923
83729
150094
3122
875
1230
940
2139
23657
3313
8140
6925
4094
9595
4248
51029
1051
3775
1043
10469
51154
4189
871
5174
2824
6418
595
2014
10808
149111
3309
9172
4779
25758
10489
57761
752
253461
23643
5144
11222
3336
27231
4521
3570
6520
55205
4605
2313
64759
9582
3695
1677
56902
1027
27230
3693
23065
4633
1512
9601
3782
3514
2261
4064
23213
5214
3329
10521
10788
10528
3654
28566
4782
1503
9839
80342
57099
22996
55619
55612
