5817
8302
6276
5526
3239
364
6096
10085
7163
5592
23266
11024
6769
3075
23456
355
2786
3354
8929
11103
8879
6239
6258
90586
1571
219623
5108
10144
10018
10129
5238
814
6263
26115
1232
8028
26235
26212
4108
1182
4107
9890
7691
4661
22832
2048
3062
3305
25830
3440
6862
3439
1756
2998
6927
3445
2986
64754
9923
7164
2984
3885
3791
7373
8856
5317
4133
1339
1143
6000
79962
9843
2358
28
7092
10009
6564
1557
10407
2254
22849
8001
2822
11193
10326
5267
4161
9356
83698
2247
10943
196740
7783
5286
496
29909
7700
10846
5669
5172
54014
1038
7693
6444
7582
79840
9095
3284
23233
23187
6374
5440
5558
25859
9821
9825
60412
9498
2523
1618
28905
3950
10781
6493
202134
23768
10621
3574
84628
55274
2709
1993
8805
7855
6360
9252
7712
27334
1310
4223
9767
154796
6833
4014
8817
9002
27302
339
10100
3603
2897
6530
2561
7273
2342
26873
7741
26105
9211
26011
9197
8739
5144
4990
53340
3590
636
23085
50858
1812
57188
4634
6489
1386
5145
7029
339479
5892
9331
860
1506
781
51032
8690
81614
3673
5243
4590
8521
9706
8748
53616
8353
1361
11056
199731
5463
925
654231
11281
56252
5080
7753
9949
23127
3697
5205
7173
6332
151230
3699
8061
8620
3827
5578
127703
2842
2841
11155
55705
9378
10229
2492
403
2138
22843
4193
100507399
7541
8464
4693
4306
3467
79577
2825
6702
4214
10725
3849
1295
22925
2072
7066
5787
26138
27291
90362
3446
3670
26095
22902
26532
1629
4287
4703
23617
25801
