22872
686
8425
7402
362
8834
364
3191
3801
27097
1663
8540
6433
27257
11103
23237
6093
1409
5291
3360
2155
25777
26048
6767
6755
1395
10978
4487
9857
8292
5981
3363
4158
91754
4034
267
119
8941
230
4580
783
4650
9263
8629
2483
15
8658
255057
23149
4295
10320
2232
3761
22976
3158
284403
26034
1339
25950
473
8828
886
55001
9148
23036
23484
415
4063
3883
51512
9187
23387
4161
9356
2189
10943
7783
10712
9786
5932
1796
25959
80852
29780
1413
64386
8751
9772
5440
2528
5371
84243
7709
387082
7580
596
23131
1238
3293
1837
23774
4987
6910
2334
661
27121
3709
546
256949
9121
11186
2304
4761
51317
1215
4968
23545
27302
4902
23354
1112
4004
2901
4848
6199
3596
670
25895
182
5589
80317
22848
6513
3892
6508
9640
11165
9463
25771
10845
3233
11236
3316
2137
9719
222642
525
7181
9718
1889
7779
10226
7029
7781
8859
861
1506
5820
1479
8703
6538
1384
9641
8402
2859
1263
5906
9058
84168
6524
5463
3612
5409
926
83660
5190
58473
54039
5083
283238
23210
7849
9488
3700
3929
5903
51517
8061
84560
3903
27229
2733
1583
4355
25876
2099
23544
5284
26145
2100
23604
84759
256364
166994
23276
27297
6900
374655
1548
10898
177
7366
9032
2590
26148
285527
8718
818
4801
2908
80205
9491
9675
8621
56623
25970
1107
2068
22893
1805
23220
2321
4058
6560
4798
4763
9413
23137
10570
6536
6534
124801
147179
3660
3718
6570
