25984
54145
8140
2006
5317
60509
2049
1780
4507
2196
8581
10855
3070
4173
55506
1404
55165
4982
5784
5321
8028
6362
81620
1830
28965
10280
3887
1381
3934
26577
7804
10962
4237
54800
7850
8531
3889
3854
56603
4781
993
65987
2348
1515
79791
2762
5834
547
991
10492
10763
5325
6696
7169
28299
8690
6374
25932
56033
3373
5947
5359
952
362
9095
4904
51512
8324
54101
78999
1000
79627
3507
5650
3945
1111
9200
7991
10643
10158
1871
5918
3833
23246
50515
9425
8632
25937
55205
54210
53335
10568
10123
8543
23321
10205
9532
6664
9021
2058
983
6502
9244
6564
3535
58
4609
29899
6566
51450
116832
3613
7468
140578
10690
4171
4071
9787
81688
23229
3400
27242
2824
864
55034
29015
10149
8061
6590
10052
4902
1410
10635
1464
3852
3310
5371
3930
56901
7545
25859
7453
27074
6376
23683
3898
6689
7044
55388
79755
56132
3655
3755
57447
875
4321
7247
51442
7157
5937
2305
8326
4233
419
4323
813
2316
1824
51704
27293
284
83988
23007
55346
29094
8898
51312
2618
634
688
6624
9957
4948
9076
3576
887
23650
6364
5885
5080
6496
2019
1736
28513
5121
9829
51678
4684
6373
6273
652493
9156
55612
9473
2938
4312
3868
55117
4281
6279
22822
59336
116372
4784
6434
6275
8566
1356
2731
79623
51560
6347
11182
6422
7475
23336
7136
26586
23066
9319
1829
56935
23209
123
2175
6277
2633
23432
5997
7531
1280
55975
2254
3159
2810
4067
5217
1827
5922
1825
27344
2037
4651
6648
4783
81611
4751
5178
2000
4316
286527
9762
79605
22873
55143
5967
8208
6641
91353
9833
6474
2950
4240
11080
3346
6489
765
29968
1463
332
3696
5817
152015
6383
83439
2346
1956
22974
5268
5754
10963
1316
1641
8601
200315
5214
2297
4288
8190
85377
9355
140597
4174
6662
960
6663
2173
6355
8842
119
79801
1852
4105
2919
3906
56833
2707
9232
25907
1058
5352
3669
1063
3316
7422
3783
25825
9911
57110
51715
11254
10874
3866
5613
4521
966
56938
6354
7004
57211
2134
136
23089
1690
6715
1466
1627
9859
27147
5553
3455
28823
5156
3627
1029
7371
9568
11135
52
321
259266
176
4015
827
3595
9469
28831
10469
58528
7525
51806
51129
8577
9656
1482
7298
3514
4501
6280
10950
2023
79817
3914
55862
1122
23065
9133
54901
9603
10656
347733
3500
23250
3383
6515
9466
1737
4953
2296
1749
4176
29842
64771
4638
26227
1836
10093
28902
11341
4102
1117
768
55076
2171
1116
29970
440
150094
8318
55190
5803
366
2861
5737
3205
5806
79852
2744
1001
11067
4188
1266
64135
10402
262
8876
6749
55839
94025
9982
3861
9843
55765
26032
22824
108
5616
8437
79572
25975
55273
3853
8438
6317
57162
10630
8424
5152
10279
6492
871
10521
2665
9688
4478
6352
811
64795
1906
2627
72
57348
4103
8836
64943
11240
11202
80157
85453
25797
87
3428
705
26472
8739
3135
30848
1131
5266
800
306
10644
55003
8549
53827
4998
7678
8685
9454
794
256227
2195
10397
79805
1525
4885
6785
4133
3872
4605
22808
64108
6271
2842
6665
7272
29967
9235
5743
3918
5549
9444
27338
22800
4052
54541
84223
11156
55704
51302
25928
4883
4744
29091
10036
8407
3851
58473
773
988
5163
51700
204
10477
50805
23406
597
81569
64838
26052
2001
1302
64359
64778
57061
11333
5655
100505650
7837
11170
221061
22843
9048
7851
3621
7368
10232
9071
11197
10403
890
1062
4116
7534
898
5653
10907
3192
9582
405
55872
51083
100133941
51203
6890
133
2568
6261
25818
9654
11013
91646
7378
3475
1761
55283
7032
53905
699
5599
100289410
6183
146909
3815
8645
83461
3897
64581
6285
79695
1299
1828
54959
4603
1490
1839
5332
81029
390
6281
1672
7345
7436
3620
2956
23532
23397
1284
55214
28960
55243
79745
5578
79094
6868
2649
1907
3707
9760
7027
64065
57707
5055
340591
22943
29028
81618
1183
