57679
51776
1907
28984
9966
9088
51562
10333
6885
9064
4217
4216
1029
1030
9077
29969
1031
1032
4293
6997
200734
1139
161742
2785
9294
1956
29882
28988
23560
728
5934
8567
5291
84451
5933
9463
7070
51196
11183
9607
7186
10454
8851
8941
136
51495
2064
11184
1111
55437
260434
900
11140
124790
10614
80824
150
152
84231
1950
7189
4188
9344
5606
56940
7164
10892
1028
23624
92335
5998
5999
905
904
5728
9113
1616
27250
26524
10645
9134
5062
7852
283
7039
80279
6464
5058
51654
2247
29950
990
3654
8812
55704
51191
5585
5925
1022
2965
29775
8440
60675
6895
2914
595
154
896
2069
894
54900
1128
10114
10912
975
4294
2081
51738
4616
1647
9175
2596
23683
4296
1163
56288
727
2357
57761
56647
2810
28951
10221
566
64061
10746
920
100133941
8611
324
2873
5788
4763
285464
1033
995
6647
993
2874
4331
1844
5618
255324
1164
1852
1850
1848
