10085
1009
10154
10184
10234
10398
10409
10417
10418
10457
10468
10484
10536
10544
10609
10630
10631
10699
10970
10981
11015
11027
11031
11075
11082
11096
11098
11117
11167
11183
112399
11259
113
11346
114899
1176
1272
1277
1278
1281
1282
1289
1290
1292
1293
1300
1301
1306
1307
1311
1318
1404
1462
1490
150
1508
1513
1519
1601
1604
1634
165
1727
1805
1809
1833
1842
1893
1909
2009
2012
2014
2018
2028
2054
206358
2121
2132
2162
2191
2192
2199
2200
2201
2212
2274
22795
22846
22891
23022
23090
231
2316
23176
23213
2331
23414
23452
23516
23597
23601
23627
23643
23670
23705
23768
24141
2512
2535
25878
2589
25900
25903
25907
25932
25987
26010
26011
26064
2619
2621
2632
26585
2697
27122
27286
27295
27306
283537
284119
285
2882
28962
28984
28986
2922
2983
29931
29940
29951
29967
29995
30008
307
308
30851
3339
3357
347902
3491
355
3611
3624
3671
3678
3685
3693
3730
3751
3912
3956
4015
4016
4017
4035
4052
4053
4060
4092
4124
4148
4237
4267
4312
4313
4314
4320
4322
4323
4330
4616
4627
4642
4675
4681
4692
4811
4815
4837
4907
4920
4921
4958
4969
4973
5033
50507
50509
5054
50863
5099
5118
51226
51280
51313
51339
51363
51375
51454
5157
5159
51715
5176
5218
5311
5327
5328
5329
5350
5352
5358
5376
54209
54210
54453
54587
5475
54796
5480
54829
54985
55033
55068
5507
55076
55083
55084
5530
55357
55454
55568
55714
55740
558
55816
55830
55841
56034
5627
5654
56925
56935
56937
56944
57088
57125
57333
57493
5789
579
5793
58189
5919
5954
5961
6004
60681
6091
6275
6277
6281
6310
6320
633
6356
6382
6383
6387
64175
64236
6424
64359
6444
6447
6474
64754
64759
649
6525
6526
6591
6624
6678
6695
6696
6764
683
6876
6925
7041
7043
7045
7057
7058
7059
7060
7070
7077
7078
7107
7130
7132
716
7171
7280
7292
7345
7358
7414
7423
7431
7472
7474
753
7533
754
7837
79070
79586
79614
79652
79776
79783
79899
79953
800
80176
80206
8038
8076
80781
8082
813
8321
83468
83700
8406
84168
8434
84561
8460
84617
8483
84909
8532
857
8630
871
8754
8829
8839
8840
8877
8933
8974
9060
9189
9242
9260
9270
9315
9358
9448
9509
9532
9540
9590
9638
9645
9732
9781
9843
9886
9891
9902
9945
9955
