57679
6139
9862
695
6885
9064
185
3351
4217
4216
4157
9077
1241
4293
9874
2785
11011
3352
23564
5609
890
23576
3355
3354
8754
23043
6093
6239
5291
84451
9968
9282
9969
4139
10017
2011
5810
6754
6755
55423
6752
6753
6751
3456
10025
9440
2147
4158
5601
5599
9402
9451
134728
2773
2771
11221
10900
5538
382
598
10564
116
155
5879
80824
56616
116985
64411
55160
9344
6416
8877
51347
56940
545
7416
80833
55561
5996
5998
5999
553
552
8476
9146
10188
9578
4988
6574
64714
171392
664
1616
9113
26524
64127
10392
10316
56923
148022
353376
8125
4161
2982
84336
2247
6733
150209
4067
9131
7157
51079
6732
2316
9844
29775
22983
23235
2776
2782
8737
2696
3592
2983
2778
1936
4887
4986
727
2872
2357
5371
8569
10206
6242
1606
6654
57449
4159
10842
5163
3576
4987
3479
139189
285464
4886
253260
55829
7161
8883
9252
1012
1846
8986
5032
1844
255324
6196
11186
2932
4160
91662
4829
3357
1852
1850
1848
2769
150094
57153
11329
51776
10159
9966
7105
6236
8740
23543
5577
58484
5576
335
1029
197358
2587
29969
57708
8484
6997
8811
9104
6237
8896
9294
9170
23566
653519
128178
8698
1956
8915
684
11163
282618
51026
1676
5970
1677
27443
8772
8289
50604
27352
142678
3925
7128
221472
7186
398
2245
51657
1812
6347
9516
136
1813
1816
22808
7335
51523
9261
19
5031
1793
5030
5029
345
5028
150
56957
152
8445
84231
7189
152273
1950
7188
55785
84084
396
121512
397
8013
83605
10451
10278
8717
10758
22926
27040
9641
8743
7248
10769
7415
5573
8517
147
4544
148
79039
7205
25
146
4543
4683
2550
10549
65018
79594
2241
9568
836
4724
842
23529
3162
10633
840
841
387
388
389
29984
834
835
391
399
10110
5734
3984
84174
54205
5585
3428
2100
79858
10044
154
1133
10045
153
1129
1128
3932
2081
54210
7253
2596
5724
57506
23770
5494
84446
57658
3269
222068
5966
11255
3274
347734
5972
10603
4772
1285
6398
4771
4763
572
22858
90390
581
3717
11124
317
4985
140
9218
113
9217
6776
1907
3973
6777
578
4615
348
65266
137735
1139
54676
28988
5338
5337
728
60561
65125
3360
65267
5883
958
65268
133522
9855
29965
1394
1395
27032
81552
3363
1232
51366
729230
3362
8554
267
10783
49
10454
51495
3364
9262
4650
1111
11215
11200
9263
23118
3092
29760
7305
4188
10256
29
3956
80762
23647
27141
1149
4088
54602
7164
4087
9943
9456
30851
1893
3965
4853
4852
23636
64581
2869
2693
2847
886
10009
10163
2697
5728
10645
124583
1909
1910
51499
2876
5170
7039
10487
2829
7153
162989
4055
887
3001
3002
150372
79971
22937
2915
259
2914
60675
2913
23390
29079
8795
2912
54900
2918
54503
2917
5664
10912
4294
6478
4616
9175
7786
4296
5469
828
637
2919
200576
554
23589
56288
9111
1230
10342
2280
2810
2642
566
5334
6775
8878
602
11261
100133941
54862
939
2533
10486
3059
51701
5600
5602
6647
6772
7531
329
6774
6773
7533
5603
2534
9521
1432
55081
638
9002
4902
29110
2258
51562
5366
7433
10333
2692
1760
133396
5739
56674
9994
200734
5567
22985
9340
161742
55824
4646
8835
8567
9021
9463
8651
9306
6789
50852
6788
1112
5744
8491
9448
10475
7462
11183
51196
8767
9607
9465
23085
5884
2740
5536
8997
2260
51009
2261
79139
10750
4170
2885
640
5871
11184
91319
6714
64121
7464
51291
1268
23007
23787
1269
2765
23012
84126
8837
22900
10607
64170
116449
10892
672
27113
56413
8243
1325
2537
116379
53632
6869
356
51246
207
393
394
283
7852
57060
392
5745
6464
5058
10203
5330
1147
3656
3654
10928
10146
128869
79602
50488
201176
51094
9411
23604
1894
1613
1612
3454
7334
9927
3455
1399
2691
9270
889
28996
1072
975
51738
23683
799
2827
796
7132
64112
4215
115727
10746
152015
10125
8611
7857
10617
2873
668
10059
60401
10287
83903
11315
2874
9467
3579
9967
23542
23162
9479
9220
2149
