83481
5792
27134
3815
7571
340371
10809
2068
6565
114569
163732
23254
113452
85462
1159
780
3898
1525
23286
79977
6663
11187
3664
7022
152189
55286
219738
85415
2001
54682
29841
349633
3775
146439
149428
91862
5652
153562
4950
3875
286077
254427
10653
27237
2886
200634
51599
1365
92359
126695
10053
1366
6768
4072
64787
57662
79755
286676
132014
6712
54566
376267
22996
54836
54894
26298
3934
149466
6692
999
90060
79784
1397
93664
10207
55620
2591
10279
26751
5364
1299
9414
1e+08
245973
8495
57475
55930
10040
7274
200010
1297
55107
230
5169
161291
23541
