5817
109
27302
4902
6276
6861
8425
1565
9896
2901
362
3596
6199
364
8834
182
2342
3351
80317
6513
5566
84148
6508
3892
26011
9522
11103
9640
9223
916
9197
440867
5291
3360
6496
6258
90586
1571
25771
26048
1394
6755
4487
8292
3363
3233
4158
267
4108
2137
4650
19
9263
3741
4661
7490
116
2048
8629
6862
25830
1793
7029
8658
6927
7781
91775
283537
3713
1506
10256
23457
6538
9923
9641
22976
1339
8748
9058
28
5463
886
5007
49855
11281
9949
3883
9672
4843
23341
58473
5083
283238
25787
5081
9187
9488
3700
79001
8443
4161
8871
9356
51517
4609
8061
84560
8620
10943
7025
9278
127703
27229
2733
1583
5286
25876
2099
5284
23544
23604
5932
403
55669
23276
662
25959
80852
2838
7541
9575
9095
9772
5440
8718
2528
818
8532
596
23131
923
1805
1837
6493
22893
23220
23774
2321
9662
4987
6910
4763
9413
2334
2709
83450
1993
164656
27121
3709
843
7712
27334
9121
256949
1310
11186
1215
23275
6570
23545
