348093
1783
6801
6096
7355
5613
60509
6745
5616
491
627
26122
6430
112476
55187
80127
3192
8473
2309
79365
10735
64682
84858
259230
4140
390
4247
64858
10472
5597
122830
3725
9705
147339
5727
1605
3759
140730
9761
2048
9355
10972
577
55534
3188
3187
9295
285172
688
55922
57162
29982
51621
10658
10605
6319
10659
31
9456
7417
80777
80031
22864
2113
11198
4082
79665
55827
56142
57616
56141
56140
9752
56146
22849
56145
56144
56143
56147
85406
23325
23199
113263
8763
7763
149076
79990
2917
4665
23251
23551
5537
55197
54566
57532
9813
23007
2823
64919
53335
8864
5530
7058
84669
6446
8455
3479
1994
3609
2334
64844
253260
7716
7109
6018
1012
9215
1454
84811
744
1839
4808
63974
1848
10933
9788
387640
164
9643
829
8535
3714
6632
7547
79817
5411
7042
3223
3224
220594
23435
1903
6304
134637
10458
5144
253943
54541
81573
55654
23705
6628
51747
79705
989
7916
140460
140710
54407
60685
26099
51455
6660
20
5756
344838
55553
8128
6662
7077
56134
56135
80758
1654
1268
8653
56139
56138
117178
56137
56136
864
1479
131034
3658
25852
55719
1859
3219
6334
4638
6400
84295
9191
2649
58487
9139
10742
387921
91
394
10121
10042
5458
89853
5902
203259
92703
80124
54511
7543
862
1761
1021
10150
29855
50863
27436
23040
9929
8648
204851
159090
11052
10197
56890
6683
10772
91746
27242
65264
7337
2289
818
1831
9425
26985
10725
3309
10513
2201
27327
51232
56946
70
23038
11235
867
26575
54732
55585
54665
2764
6667
84263
6671
51761
