10840
5742
23428
11136
2678
6545
189
8140
3620
9057
8424
9056
2731
2184
2806
443
2805
5351
51540
4143
23564
23576
140838
4329
8565
1615
2628
55790
16
5860
23659
2687
1036
10455
10891
54938
5831
50640
4864
247
5917
54677
4199
26061
36
10873
2729
2747
10020
2746
10667
5207
5053
435
2730
972
3735
3032
383
2572
3417
2653
80150
8659
9255
2571
9971
2271
27349
11254
3081
3420
672
9420
468
570
6542
23417
2166
1468
2356
10166
8309
10728
5465
5467
10295
1573
275
10965
641371
57001
122970
6307
8310
2937
23597
8644
64087
1646
10797
7453
4482
7299
51302
9536
3067
134526
2954
8443
10555
1645
3242
10554
5184
34
50
10394
7915
35
48
79602
51094
6519
8528
54363
37
5730
10993
51179
57412
28965
11001
6718
6611
10998
239
8560
586
1891
5832
80270
9054
7358
1892
10776
4282
27165
1638
7132
4524
225
92935
56898
5805
593
1375
3992
594
10841
3479
9415
47
1374
54995
55256
11283
57704
1579
10249
2645
6533
27430
2593
4051
4048
8529
3248
