415116
285605
255411
170680
222642
352999
317781
392780
29968
94121
203197
66005
641371
376132
11341
339230
246777
388125
134637
349633
60559
117584
87178
164592
197322
167227
155185
140838
126003
159371
23779
146439
152926
157570
85476
132001
138802
142940
150962
161424
81894
51809
201595
113452
123355
144577
347734
374897
219927
284406
59344
149840
148327
27433
124995
414149
169714
128344
163732
120534
245973
57683
133686
162989
58530
200185
65263
129303
122060
121355
93380
254359
29098
348995
49853
196743
130502
53354
131474
91582
122769
221143
81037
145942
130026
90809
28511
113000
283537
115708
85021
115290
80349
149428
222234
221830
255027
154807
112611
152579
117246
116844
124641
201266
56342
116540
93081
131177
54148
56061
7549
80777
196483
64432
128061
140462
200916
56659
83661
92840
26747
89958
387893
57176
90480
64118
92454
283248
6261
79366
114900
50804
63875
81693
116143
2356
3422
115106
219743
200010
221656
283989
283078
80018
50486
65095
92675
50651
199857
26354
84365
203054
91442
4351
3843
26610
3646
54014
5304
55379
83538
91319
90268
8030
4715
2079
64983
284161
1207
116337
54566
92345
7386
79258
84000
90701
2819
23647
4149
140735
3196
131076
84561
5723
7866
54700
64852
53918
9232
201161
116447
26520
92255
1990
51388
134548
145853
11052
92170
79174
4047
10299
284273
27351
283459
23
7274
57053
790
22818
28998
51733
59269
1374
81620
84769
90407
5987
10656
90196
123283
26156
273
8326
4605
8925
84172
117178
5917
11266
26287
7137
1111
2222
27165
55508
57470
1040
2741
64333
638
2678
64682
83475
3781
8669
134430
2287
4976
7203
8200
10992
1874
3035
79094
100
377
4543
5471
6059
9963
27044
79961
5657
56005
134492
7494
8731
23312
83933
11164
55325
57407
79622
517
902
284353
27232
3313
7086
26986
6523
8834
9070
55775
64802
80255
991
5576
2987
9570
22948
23112
84844
3094
5257
25999
29796
84722
91272
1491
2582
6637
10762
57130
3980
721
5036
9380
23592
54968
84662
6787
55012
55256
57570
51218
8408
23367
51692
56953
81579
9652
94081
1678
4253
6988
8625
10238
10885
23512
55930
79573
599
4313
6950
29920
51018
204
5129
7027
7993
8528
8565
55854
60491
1572
55127
128308
481
1537
9694
9729
26121
57535
957
3141
3382
5095
5529
8484
10480
10622
10728
22894
23028
25940
57628
92106
158
3613
6124
25828
27132
54438
80185
80222
8294
55973
78986
79796
84955
1318
6207
6919
8161
9169
9837
10399
23481
27101
51260
60528
79019
4839
6472
6573
10072
54904
55676
79836
83903
84925
92140
112970
2193
5888
10827
29851
51573
51649
55706
55891
1846
4925
5229
7965
10856
58500
64397
79726
140707
5832
26046
26094
26227
64745
440
4891
9486
11138
23081
23753
79918
765
1182
2557
2940
9015
9764
9804
10171
23252
23551
51318
54541
54865
55178
55596
55621
64093
84340
6856
8270
9532
10445
22794
25902
51343
55735
9326
10105
23277
23420
55094
55573
57003
80324
2965
4025
4869
5166
6897
8993
10535
10576
51611
4128
4292
4522
5631
5867
6683
8459
9200
9631
9942
23225
25864
26073
26254
27309
51128
51154
51491
54475
55069
249
866
1757
4502
6241
7351
9446
10020
11240
22996
54948
55299
79754
81539
84108
124975
343
1738
1819
6183
6748
7832
8906
9361
10380
10808
23062
27290
79676
80305
84135
84513
1644
2653
5446
6838
11222
54682
64951
570
1802
8607
10212
10277
10975
23195
25804
25885
25979
29760
51082
54802
54819
55239
79697
79774
79885
90390
886
1662
3297
5198
6166
6767
9054
9120
10557
23170
23576
26503
51102
56929
57662
79050
79902
84706
84892
84991
85442
114884
362
1950
4691
4953
5214
6880
7851
8819
9424
9789
9914
10131
28969
51067
51184
51520
54502
55661
55760
57038
57613
79159
83460
1355
1629
1936
2639
3182
4677
6730
7818
8786
8804
9040
9466
9868
10157
23443
23464
29880
51204
51477
51559
54520
54934
55055
55840
64788
85007
191
708
1478
1725
2806
4489
5080
5563
7073
8148
8395
9156
9618
9929
10600
23212
51537
55226
64080
84285
84532
1777
1978
3364
7374
8894
9349
9882
10523
10940
22936
23016
23300
23408
51633
51678
54853
57026
58477
65993
79714
79947
80765
1457
2628
6704
9221
9521
10201
10469
10924
10952
23636
25929
26276
27330
29903
54836
55646
58489
79066
81559
83988
84245
85465
201255
2547
5713
6611
6627
8260
8449
8518
9904
23160
29958
51118
51367
55163
55216
55920
56919
79866
84154
84263
472
1448
1468
1611
1620
1789
2926
5822
6157
7064
9136
10229
10514
23186
29078
29894
51175
51303
51550
56994
57461
64779
79876
81570
83451
84331
84916
241
1838
2348
4917
4968
5859
6512
6603
6715
8192
9148
9562
9829
9896
10437
11333
22928
29843
51295
51512
55825
56902
56945
83440
84164
84545
84553
84908
92667
587
701
1104
2671
5188
5439
5464
6117
6505
7265
9439
10040
10146
10430
23457
25821
27037
28991
29789
51006
51377
54534
54897
55120
55203
55833
64772
64969
79080
84128
85458
466
1176
1717
1967
3376
3416
4833
6621
8884
9480
9512
10047
10061
10616
10963
10969
11260
23246
27284
29914
51605
54496
54847
55210
55319
79153
79612
84256
84320
435
594
3608
4706
5626
5652
6723
8602
9557
10053
10067
10935
23107
25974
29093
51013
51149
51199
54675
54892
56910
57678
79087
79791
84240
84276
84301
84326
269
1798
3178
4601
4673
4711
6202
6783
6830
6834
8480
8664
8800
8890
10153
11218
27429
29074
29777
29781
29785
51056
51291
51312
51645
54471
55090
55173
56915
64425
79618
79828
79832
81890
84281
84306
84987
1349
1371
1608
1933
1975
2937
5195
5435
5984
6238
6502
6520
7371
9145
9518
10058
10128
10196
10295
10613
23478
25861
25926
25996
27343
27346
28984
29087
51062
51099
51602
54517
55117
55505
55658
55970
64077
64429
65260
79077
79944
80218
83448
84310
84313
955
1353
1723
1965
1973
2935
3175
4831
6470
6744
6746
6895
7263
7272
9692
9894
10103
10199
10573
10598
27230
27341
27349
28987
29091
51060
51065
51316
51384
51386
51535
51690
53916
54680
54799
54890
57405
58528
64949
64976
64979
64981
79092
79695
79959
80347
81537
84299
84317
84842
516
637
1352
1369
1370
1477
1643
2805
3177
4830
5093
5094
5434
5438
5625
5831
6182
6206
6728
6729
8624
8668
8818
9556
10102
10294
10298
10575
10884
11137
25803
26275
26519
28989
28990
29090
54801
55177
55657
55759
55969
64978
79018
80221
83999
84262
84273
84274
84275
84298
84316
84319
84661
134429
140461
245972
653383
