5076
10234
54502
5274
25800
55191
4239
400451
9677
9497
56848
576
2701
2166
55686
10753
150
5914
23171
6505
7358
54854
10451
6448
56654
11019
4477
9452
9498
9620
9231
79603
2206
9214
7357
1471
10788
477
10129
1384
9028
7704
429
54490
9619
4680
2625
25837
55259
23117
3875
26353
51755
26018
23428
9185
2954
79719
23639
54463
1955
10538
23030
7366
4285
27232
10207
7351
948
80223
63897
368
9666
7786
10974
79669
1528
3778
25790
27250
10512
57535
6830
3480
9635
4326
23362
9854
55184
55653
79666
284266
5979
57007
3176
11001
2922
23508
9742
5567
444
10193
375449
7869
3856
3730
54961
26960
79987
489
8000
347
901
2953
3880
27077
323
1441
5753
6387
55859
7138
23043
5920
10321
445347
23541
11160
2813
53832
27134
79053
10560
55338
8528
26289
79884
658
816
253190
3082
6548
9370
7318
771
93210
4582
3572
8743
2099
6319
10551
83752
18
2181
7108
50865
10826
1997
23041
92579
11257
178
11039
4646
9358
7177
8825
79921
23327
27124
10
5125
4629
8073
4117
28971
6857
4602
1359
2057
644
8564
7503
55367
51809
9751
3248
3760
645
1556
64921
4915
6571
23329
54979
51365
3263
27324
2155
23767
9254
6898
51751
80162
8399
219654
9201
6337
9120
6424
316
138162
987
4137
26007
5241
7122
4929
11098
3708
563
54869
4128
3551
1917
8646
55103
7033
7025
3964
90865
6509
5304
7433
56920
866
4223
185
5860
79026
4121
79087
1634
79673
286451
10472
6652
1718
9715
863
51195
8800
5733
90993
22834
51005
31
54988
1675
1268
84288
79838
1360
1602
6532
55260
84179
1397
9924
81621
7594
2330
9630
27445
57613
6451
427
1847
2042
5950
51477
22885
1846
4857
51133
9517
32
27075
4059
7494
7021
64284
80310
51364
753
51409
7802
57134
10202
8204
7980
80129
64374
4763
253782
27092
10396
1362
595
55614
820
3212
3991
2697
3479
9862
65055
23263
6720
79818
9518
54209
26154
638
7084
3216
3752
57795
776
51097
2184
59307
8534
55568
22977
55592
23265
399
2819
51181
23047
1363
653238
24141
2232
163486
4488
5364
540
9633
374
1728
55890
956
10916
11226
64087
8608
9135
84263
64499
51380
5167
114327
7123
90362
10309
8202
596
79901
55128
2354
25987
213
51117
6038
11163
55638
9674
54677
5327
79083
100170939
57235
65982
9716
412
3158
8821
2192
55512
9368
79006
29988
2244
114899
1287
55194
11283
2066
3087
10948
8076
5002
26047
10040
7031
3382
55005
4148
5094
7905
652
5409
23389
8228
8537
2260
6623
79582
5346
23194
2203
55521
2162
8483
29903
3800
51673
89795
54898
10884
55778
57758
8714
4969
1101
367
22996
5104
81563
3315
3169
2678
1571
10140
5744
8404
6495
2947
9743
55652
60481
80017
4661
8912
585
5799
80319
7832
64757
10612
403
9865
113457
79846
7188
21
80000
1848
1580
222
10590
23245
9052
7593
11122
10610
8839
125
8490
25992
79885
51313
27434
10529
5874
54970
1473
100137047
56521
2674
57415
1311
27347
9547
64798
443
2891
79269
79782
6833
8614
54847
23613
23522
56967
2261
56890
8938
1534
1589
7881
64081
56944
55450
57509
23199
4435
10103
90355
1396
3487
9904
1548
54843
7060
79820
2167
3249
9094
79932
10742
2909
6752
1893
1040
8659
23158
3679
3952
55107
2532
1524
124583
9187
3667
89927
100126791
79750
1048
8991
51705
64215
3653
247
122616
4671
5105
4832
10351
60598
81031
79144
5188
10443
27067
8416
4886
26033
2872
7349
79570
54829
7518
5046
5087
1811
629
3306
100272216
2624
27289
8786
63895
57804
51761
7079
339479
10229
2743
25803
214
10513
7103
55764
55508
23704
3712
3081
126353
388
55663
54985
23682
5618
6707
4250
11145
2266
80736
9687
22906
1960
2530
84914
1124
4753
55351
123872
23303
9649
147179
51764
339287
5507
100287590
2194
23268
2719
386627
10847
91949
6642
64084
57104
6926
55296
107
2065
201895
644450
6586
7644
216
4588
51741
5334
1288
6717
8382
1733
8835
6252
11059
1805
10265
2593
10411
64788
2053
5816
55812
6947
55799
23017
115
100130449
10647
9
25891
7373
4958
4925
6653
2064
79624
1408
5174
161291
6414
2205
51760
2104
51466
8309
54674
1741
347902
1592
653188
8527
174
81539
786
23176
5412
1047
36
648
