4208
57679
9615
686
5528
3897
29116
51564
6457
8929
57787
7070
9600
8448
5176
2290
171017
51399
5376
6456
6455
4669
728492
5538
8820
1822
3730
127343
1857
4336
4908
10858
5274
54510
6474
10586
57142
2250
9148
6252
8220
11341
56923
4137
2247
2316
4665
2055
51195
1203
4826
56121
56122
56123
56124
9445
56125
56126
57717
54661
255738
6492
6493
10842
7479
3562
4010
22854
84628
5264
40
27330
6197
744
1497
2676
10523
2897
8543
57689
7545
7101
7546
7042
4897
11250
8633
10417
10380
8915
50861
10458
8507
6496
2033
9289
7021
6594
54221
43
135
1813
1271
8128
7182
9718
56139
56138
2218
8745
8690
4762
50674
5026
9759
6285
7903
4729
1859
23026
53616
6334
2173
11189
5080
5076
4155
5097
4724
10612
23462
7844
5121
23493
1742
3984
27255
5015
1021
4154
1020
1131
1129
1128
23054
152330
7314
4900
4693
1489
9024
224
333
928
92737
5050
10677
5048
1641
9201
1286
5354
11202
4771
4763
56896
10570
1809
4118
1827
1808
26508
10220
6609
317
9637
9638
9241
4745
6622
361
4340
134
6469
491
627
25814
348
80184
1137
8892
8891
8890
8893
1949
266727
161357
57216
10141
10716
9855
3280
27289
7422
27020
1946
4034
9240
8851
29114
2047
2048
8827
9037
1400
3975
575
26468
11039
55534
375790
3912
26280
4821
10439
7224
51440
9620
10787
1746
1750
1749
29767
8828
56142
56141
56140
6687
5467
8829
56146
56145
56144
56143
56147
30819
2736
5728
7869
56127
26167
56130
56132
56131
129831
9048
56133
6585
9353
6586
51481
57463
10505
6477
2919
357
56288
57477
7704
566
4062
321
375567
7368
320
8326
3720
5803
22871
2334
6647
1967
6774
2705
7532
7533
1821
26227
4761
4808
5087
11113
5090
4807
7436
80714
9965
4902
2259
7466
8822
9915
2256
2258
2257
10675
2668
7471
2947
5626
6091
6092
56034
9211
10178
1826
9463
9253
1678
869
4045
4983
140767
5631
8997
7940
6658
4815
57453
4814
26585
30812
56134
56135
84002
84612
9362
93986
23191
5463
11281
2937
1200
5458
5457
53358
3785
8092
1959
8403
9369
7915
6664
8861
9378
238
2186
54766
51738
4671
2950
57050
146760
7337
6695
4861
4862
4884
51118
4440
5455
3849
5764
349667
5805
51232
2743
1840
5071
29127
2764
5623
4287
55201
3782
