22920
3475
8732
25820
81550
7049
657
4802
7994
2317
116984
2250
23008
4891
23077
7158
136
23506
23201
9821
10443
7474
4067
9493
51232
9759
5055
10042
7050
9736
100288583
9678
1875
8805
25816
94134
2048
10006
4289
8613
8650
701
9962
55183
10667
9847
26037
6907
80208
2059
23274
8932
26278
7152
6491
10165
3212
8874
3655
5925
26018
200734
2770
64746
23001
80742
8439
6059
8454
23384
10605
23160
1316
6311
22943
9469
23429
23517
9411
8036
10403
2060
9662
2309
23075
5110
1062
22978
56987
3480
10427
1488
26057
10973
7514
5747
56288
3831
23142
9586
8603
1956
4216
26046
5937
26058
259230
26019
116987
23047
6259
5525
4335
10801
8500
1846
10486
2776
3720
51594
25976
9793
1843
9585
6103
83737
22878
23350
5523
8467
9833
5329
4659
8239
23332
25909
91752
5584
23036
5567
10049
8087
9497
23318
3097
3796
6249
9037
6595
675
10611
5431
8476
5378
5870
9824
3667
4683
6397
9697
5289
3096
23390
4205
2909
8453
641
100170939
8621
7424
2963
23314
9645
7026
2181
8148
23064
9683
25966
3084
6197
8897
4848
7150
2585
8729
6655
627
8412
493
7436
1871
8609
4928
11183
6596
2122
4651
23325
4609
22887
6793
5771
22800
23023
51678
9811
23394
7153
25945
11011
3915
51592
10393
64844
1806
5095
6672
7528
23080
8601
9020
23118
57553
8405
10184
23167
1490
9522
23097
102
4507
3399
129642
6432
23262
2908
23198
636
55589
5073
10046
9652
54454
23347
5962
29970
7058
2976
5205
9837
11259
84193
9188
9031
23380
22930
3491
7071
858
1977
23268
9655
3161
3800
29957
5054
11073
27067
8869
23395
51317
114882
23331
2932
26137
6310
4131
79572
5048
10499
5906
5412
27161
868
23215
5926
23255
4092
6764
23387
11342
51196
841
6787
11169
6000
23230
221061
3708
6428
23522
9612
9456
23635
9987
3397
10787
23200
5527
7405
1024
10196
84159
5332
5903
23063
8546
667
22938
9639
6416
23424
7326
7048
11343
10142
57187
10128
8658
11030
889
6453
2589
1278
23081
9194
9698
7337
23279
1662
6938
6654
8725
51347
8504
3091
253782
200576
1457
1105
4200
23469
4775
23348
10643
23085
55578
22936
23271
8935
54520
4528
4790
10735
2131
1386
546
23362
9765
2743
23328
9891
4976
23180
23002
10651
27245
3556
23243
51582
3482
9787
29072
51430
7296
23035
10892
7716
5806
5469
90627
55818
10090
8760
23514
23443
7813
1295
8847
7750
6788
9915
54665
6643
10198
5128
678
3189
23499
8604
7486
27000
27332
4212
23195
10802
545
5783
57214
25937
6662
5532
4330
5534
861
4154
5311
23301
23161
7707
54874
7003
2961
5090
1859
23131
8502
273
10926
23199
4204
23294
23186
22862
7272
8301
1612
323
9910
2530
8202
3575
5495
5195
1902
104
10464
51606
23607
2182
25843
6868
10472
8460
6733
3554
10274
1112
23185
23254
214
6541
22884
9320
2152
23512
166647
89795
6461
23335
23051
3607
5352
8672
9716
23139
10409
10771
8394
9694
5305
55023
23291
3839
8030
9732
8648
54765
5770
7414
23141
4363
5151
26005
9972
10098
9748
11216
7091
6045
64764
7204
5116
8520
9180
9425
10521
10513
4850
55746
10010
113251
5728
4548
27340
9353
1434
23211
9575
9969
51780
23179
8738
2043
9685
23116
23214
4091
57037
23518
8027
2650
23244
5797
10426
8853
7443
11215
9859
672
9857
7088
9444
23272
10512
65123
9584
9928
23011
9933
9372
22906
1756
1060
25957
8871
23321
4437
9414
4430
5597
4734
22836
8573
5520
23239
6874
351
8880
5599
10979
23358
5898
4001
1946
7323
79068
5980
4286
7159
580
23405
9874
90
26043
6996
2803
84162
9819
10527
57405
29969
4603
5359
57493
9315
4781
5775
9126
10020
9202
23240
8379
1385
54898
4253
4919
157680
10135
5887
5558
1739
7013
1793
51096
23137
23258
4650
8204
57591
595
5286
10413
83989
4331
8553
115
84986
11325
23133
9873
4124
3625
1000
8661
996
4140
131544
23140
3516
8473
8975
8428
10395
23312
1847
490
22944
57211
23505
6651
9869
4281
5586
54726
10664
9980
2956
23286
9871
5927
80205
6683
55816
79882
11193
4921
6575
60312
7371
285527
1407
26036
222161
1665
29966
1027
6196
2697
5001
9958
3949
4089
5780
2247
8455
6670
8881
7074
50618
23034
9693
7322
26009
6935
22856
5891
5529
23768
5420
7874
27107
463
2186
9867
4999
728215
221154
11059
57498
57178
171023
6814
9043
89927
22864
51585
23543
253943
7042
9710
5782
5578
9306
9839
54462
2195
22828
26509
1452
6093
10810
29994
2869
10765
26049
1523
27032
9728
219333
55832
23369
5604
9267
4931
4750
3832
5921
23122
5515
23111
23013
7357
22876
8870
1058
9943
25836
9931
1290
7518
6387
7220
4863
8507
93594
8723
7913
22823
9208
3267
27252
10466
8295
11177
324
23304
51366
23317
1063
140609
2632
23637
5074
7072
9044
10180
10138
5796
25963
5889
8936
11214
26091
51460
4690
1387
25998
4088
4591
9098
23389
6018
8833
9397
10299
8945
6934
4436
3725
2534
30849
10565
51230
2297
27347
7290
5786
4299
22998
8505
26130
11031
6594
64750
23658
9475
22882
22885
23224
549
7324
23194
1432
23527
23613
3241
54453
261726
9650
9520
6790
7035
865
