109
6861
8425
7402
362
364
8834
3801
3351
1663
8540
11103
23237
1409
916
5291
3360
2155
26048
6755
1395
4487
8292
3363
4158
267
8851
230
4650
9263
3779
116
2048
8629
25830
15
8658
91775
4295
2232
22976
284403
26034
10322
1339
28
8828
886
23036
9148
49855
415
4063
3883
51512
4843
23341
27293
9187
4161
9356
2189
4609
100507605
10943
7783
222658
5932
1796
662
25959
80852
9087
9575
29780
9095
64386
8751
9772
5440
2528
5371
596
3293
23131
1238
10279
1837
2117
23774
9662
4987
6910
2709
83450
1993
2334
164656
27121
3709
546
256949
27334
9121
11186
4761
1215
23545
27302
4902
23354
4004
2901
6199
3596
670
182
2949
2342
80317
22848
6513
5566
6508
84148
3892
9640
6496
4256
10845
25771
3233
3316
23085
2137
9719
10443
525
7490
9718
1889
7779
7029
7781
861
3713
1506
5820
23457
6538
9641
8402
2859
9058
5463
6524
3612
83660
926
11281
9672
58473
54039
283238
5083
5081
7849
3700
9488
3929
51517
7075
8061
84560
27229
127703
2733
1583
4355
25876
2099
26145
23544
5284
23604
84759
10637
403
166994
23276
27297
6900
374655
1548
177
7366
9032
26148
8718
285527
818
2827
3848
8621
25970
3140
923
22893
1805
23220
4058
2321
6560
4798
9413
4763
6536
6534
124801
3660
3718
6570
