285381
152559
205327
246243
87178
29979
134218
64853
115416
11260
128061
59345
51605
148867
23590
81929
79892
85476
57103
151195
25996
27292
55798
58478
29115
3836
4733
1977
7884
28512
79029
64318
84955
55299
1039
84259
10054
6059
7533
51096
54534
2618
8894
9521
81614
84641
1665
8624
10694
6434
23219
3376
637
7019
86
9306
5511
6675
10952
54968
3608
3066
865
375
79723
1503
7372
5901
22919
56950
84108
23076
51465
6880
23456
9836
2956
5805
545
5718
9221
10492
51018
7247
8487
10621
25926
9987
79657
310
55183
8560
55248
3251
54881
9939
56902
79609
3329
4686
11171
11218
3796
25879
54931
23560
3301
29088
7321
10447
7347
10598
10576
51444
10473
3052
11157
55170
79596
1965
10431
25917
51001
84946
8886
29080
51010
10440
6421
6427
8883
6432
7371
58477
84945
728492
