34
202
217
360
367
374
389
509
521
678
928
1382
1397
1410
1460
1535
1622
1891
2052
2064
2109
2173
2348
2495
2876
2886
3008
3158
3242
3399
3576
3646
3866
3887
3934
3945
3956
4059
4501
4680
4714
4782
4830
4929
5315
5469
5683
5709
6251
6278
6280
7069
7168
7295
7503
7534
8364
9123
9144
9474
9862
10263
10330
10572
10948
10972
22794
22943
23406
25825
27089
51250
51335
51629
51755
55278
55851
57107
79191
79838
80303
84299
84987
93210
94103
112399
123099
124565
146705
203068
284184
284402
339287
646424
653499
101928287
28913
105376843
5503
389816
3500
84152
414321
652848
28221
