9877
10207
23524
8936
204801
7351
914
80303
55666
29798
26054
55243
9589
9521
3181
4084
9857
115908
8368
55237
3778
3053
92840
2357
89866
8366
152641
3203
135250
8359
4185
923
9863
389136
1133
8631
388341
54360
8360
83872
1816
5332
136306
3270
84699
23636
5831
2736
350
9906
57523
11228
53358
26157
57758
55244
5570
23013
123
348477
79631
140730
92080
202333
196872
7364
30850
83987
3426
864
284904
83895
84920
26106
56890
2686
5150
115572
6546
80014
440138
7942
120224
23741
4625
400590
9519
2331
80303
84316
342897
27178
404093
80055
152756
10780
400649
246181
1909
148281
89857
2318
112476
256536
79173
4216
858
440910
10107
11238
24149
115752
55061
8367
8792
22848
221833
152519
85456
5819
54957
3563
11168
6857
158067
55175
145957
3982
1230
55731
54360
340351
27036
8812
79012
6227
285178
84620
8382
8364
3931
84547
29123
5639
79642
338
51450
5015
80023
10319
255488
283551
7033
5576
11063
2064
9830
57619
51569
8320
399967
1644
152926
57467
1838
79625
92092
84709
440338
23286
10984
196403
10149
4301
26240
240
114899
4583
90246
7473
91978
5021
51806
10160
6608
8332
220988
30009
57582
79630
92291
8362
54797
26973
5455
92815
2788
11279
7019
4810
151354
7980
8821
55010
8529
54933
2155
9256
440068
399664
8968
166785
2039
53345
56267
259282
63901
153562
57611
627
64754
79966
389722
51520
56896
5646
2332
10458
2530
117246
1871
57524
3061
10210
8484
285601
144100
339541
11127
157848
5191
4237
149111
55586
135114
