100288687
100419743
161527
26583
26622
400721
554045
64432
9884
100653046
101154645
643707
100287020
391548
730051
100288711
64950
552854
377
1998
2665
2781
2812
4781
4841
4869
5451
6134
6234
6950
7167
7341
8664
9462
10125
10594
11143
11341
22947
23435
26776
26778
26829
27341
29102
51070
51493
51663
54921
55037
55073
55110
55120
55814
56256
56910
65065
79036
79818
79856
85028
85415
85824
114882
115350
118471
254122
260436
284273
347365
353323
374650
374819
387267
399839
440013
440014
440017
440295
441056
474170
619570
642402
644397
646070
646195
647042
653543
653544
653545
653548
653677
677806
677825
692073
692225
728022
728410
100124536
100129714
100129975
100129982
100130447
100133220
100151683
100289581
100293516
100506930
100873682
100996350
102723423
102723449
102723472
102723495
102723518
102723538
104326056
245912
641517
100286963
110806268
4549
4550
4558
4577
10399
106479417
106479505
106480073
106479658
106479660
106481891
106481348
106479857
106480315
4735
5413
