1003
10161
10186
10203
10268
10351
1036
10365
10395
1043
10462
1050
10544
10628
10788
10875
11186
1149
115207
124
1240
125
1306
1318
1359
1439
1512
1524
1601
1675
1776
1805
1806
1901
1910
1959
199
2
2004
2022
2123
2124
2149
216
2167
217
2205
221395
2273
22918
2313
23136
2353
23643
2517
2532
25890
26112
26468
2701
27123
274
2791
2869
2878
2934
3003
3039
3043
3059
3075
3087
3108
3109
3115
3119
3122
3394
347
3490
3512
358
3587
3635
3791
3952
397
3988
4005
4023
4069
4154
4222
427
4332
4345
4482
4846
4969
51170
51284
5168
5175
5243
5244
53405
5346
54504
5468
54810
54855
54873
55026
55303
5547
5552
5583
55843
5627
56911
56920
57134
5734
57493
5788
5950
6363
6366
6387
6401
6403
64102
6414
6424
64321
6578
7010
7048
7049
7060
7075
7079
7102
7122
7123
729
730
7450
7903
79974
80310
80723
81575
8302
83483
8404
8436
84525
847
8483
8490
857
858
8613
8639
8644
8743
8829
8843
8850
894
9023
9079
912
914
9314
9370
9452
947
948
9535
9590
9595
962
963
969
972
9839
9934
9936
9976
