10001
10010
10093
10162
1018
102
10203
10243
1025
10280
10362
10398
10419
10516
10522
10533
10555
10558
10589
10672
10746
10773
10945
10959
10963
11100
11102
11135
11140
11156
11194
1121
11282
11316
11332
1173
1201
1209
1292
1316
1365
1366
1385
1397
1398
1509
1535
1636
1639
1654
166
1739
1777
1820
1831
196403
1968
20
200081
2011
2023
2030
204851
2049
2193
2194
22874
22893
22904
22985
2299
2309
2314
23339
23400
23473
23536
23543
23550
23568
23646
25
254102
2549
25897
2597
26057
26084
26092
26121
26261
2638
26503
26576
2665
27090
2733
27434
27436
2783
2821
2873
2878
29058
2948
29959
29990
30814
3092
3122
3135
3185
3187
3241
3312
3326
3338
3340
3397
3485
3486
3576
3611
3655
369
3694
3727
373
375
387
387893
389
3949
396
3981
3995
3998
4054
406
4076
4089
409
4149
4150
4192
4214
439
4775
4790
4802
4849
4879
489
4917
4924
4967
5025
5034
50619
50807
51068
51104
51136
51164
51312
51322
51397
51479
51573
51586
51714
51715
5190
5226
5315
5339
5355
5364
5434
54436
54442
54496
54795
54797
54842
55072
5518
55236
55279
55280
5536
5546
55576
5564
55643
55644
55671
55700
5573
5580
55844
5585
55851
5589
55954
5605
5610
5618
5660
5663
56650
56904
56993
5702
57326
57337
5763
57645
5781
5832
58497
5880
5899
5905
5916
5922
5962
5970
60
602
604
6097
6339
6415
64172
6464
64834
6510
6525
6595
65979
6608
6746
6760
6774
6778
682
683
6870
6876
7040
7086
7089
7094
7106
712
7157
7249
7423
7465
7531
7542
7711
7782
7791
790
79016
79033
79038
79056
79709
79718
79725
80153
8079
8086
81
81537
81555
81847
81894
821
8227
823
825
826
8301
8325
83483
8368
8379
8407
8408
8454
84928
8535
8546
8612
8692
8720
8773
8775
8793
8818
9043
9128
9139
9170
9175
9180
9191
9214
9230
9260
9341
9375
9495
951
9526
9541
9589
9665
9784
9785
9826
9874
988
