10001
10049
10092
10099
10105
10150
10159
10175
10179
10190
102
10203
1022
10236
10241
10243
10247
10276
10286
10289
10291
10294
10311
10314
10325
10370
10404
10419
10431
10434
10438
10447
10449
10455
10463
10473
10483
10548
10549
10550
10552
10558
10565
10575
10576
10605
10664
10668
10670
10671
10745
10776
10787
10857
10929
10933
10935
10949
10951
10955
10957
10959
10961
10971
10972
10983
10987
11098
11212
11215
11224
11235
11236
11258
11261
11331
11342
11345
113791
115353
1203
1266
128
1359
1362
1366
1385
1389
1398
1399
1431
1456
1477
1490
151011
1537
157680
1603
1611
1633
1635
1654
1665
1738
1808
1933
1965
1968
1982
1983
1997
2023
2030
2053
2180
2222
22836
22882
22920
23011
23095
23118
23136
23291
23394
23424
23443
23471
23473
23478
23484
23505
23517
23530
23568
23587
23678
23741
241
24149
25813
25814
25820
25874
25901
25913
25972
25978
26092
26175
262
26240
26273
26277
26511
2665
26751
26872
26959
26994
27020
27069
2720
27247
27249
2730
27309
27348
27430
2746
2747
2752
2773
28957
28962
28972
28978
28985
28998
29058
29071
29081
29088
291
2941
2956
2958
29766
29777
29887
2992
29922
29957
3015
3021
3030
3033
307
3074
3093
3094
30968
3106
3122
3156
3169
3185
3241
328
3301
3312
3326
3336
3337
334
34
3434
3459
3485
3512
3597
3608
3612
3621
3655
3658
3708
3717
378
38
3815
382
3823
387
3916
3920
3948
3981
3988
3998
403
4048
406
4076
4089
4121
4189
4190
4200
4236
4247
4292
4436
4591
4609
4670
4690
47
4706
471
4711
4712
4718
4724
4734
4735
4736
4780
4790
4841
4853
488
4942
498
4999
501
5018
5034
5052
5058
506
5062
50807
50865
5093
50999
51015
51024
51031
51056
51068
51074
51075
51082
51096
5110
51100
51103
51133
51138
51143
51164
51167
51187
51192
51227
51228
51287
51313
51321
51322
51340
51366
51374
51375
51397
51399
51449
51493
51495
515
51507
51510
51567
51573
51582
51606
5166
51669
5168
51706
51714
51715
51719
51728
51729
518
52
5226
523
5245
5250
5257
526
5274
5279
528
5281
5290
537
5434
5440
54407
54431
5445
54499
5464
54708
54765
54778
54793
54842
54918
54968
55002
55005
55012
55032
5504
55041
55074
55093
55145
55146
55147
5515
55156
5516
55172
55181
55198
55234
55252
55272
55278
55325
55366
5537
55601
55638
55651
5567
55709
5573
55754
55788
5583
55832
55849
55852
56034
5604
5618
5635
56478
5660
5663
56650
5684
5686
56985
56993
56994
5702
57045
571
57117
5713
5714
5716
5720
57205
57509
57515
57599
5827
5828
5832
58487
58488
58497
5861
5868
5885
5889
5901
5906
5910
5917
594
5955
5966
5985
6038
60491
6093
6117
6118
6156
6166
6198
6259
6301
6388
6390
64172
6418
64219
6427
6428
6434
64395
6478
64844
6500
65124
65265
6575
659
6595
65983
65986
6612
6643
6692
6729
6760
6767
6772
6782
6827
6845
6856
6879
6883
6917
694
7009
7014
7027
7071
7086
7163
7247
7251
7265
7290
7323
7326
7347
7360
7385
7386
7403
7416
7417
7485
7494
7520
7531
7533
7534
7541
7555
757
7596
7716
7756
7763
7884
79023
79038
79139
79568
79571
79624
79666
79718
79731
79746
79753
7976
79770
79901
7991
79959
805
81537
81542
81555
81631
81847
81853
8195
8209
821
830
8301
8323
8450
8454
8455
8493
8502
8520
8550
8559
8574
8575
865
8665
8667
8668
8669
8673
8678
8683
8706
8723
8737
8738
8754
8763
8766
8813
8826
8892
8895
8910
892
8935
90
900
901
9015
90355
9053
9061
9070
9107
9204
92140
9240
928
9320
9337
934
9341
9364
9367
9375
9380
9403
9425
9440
9459
9474
9526
9528
9555
9559
9587
9589
960
9604
966
9665
9694
9695
9698
9709
9775
9784
9802
9804
9805
9861
9867
9879
9897
9943
9946
9948
9975
9978
999
