10098
10103
10140
10202
10234
10309
10321
10362
10451
10455
1047
10512
10551
10560
10585
10612
10614
10647
1066
10742
10916
10974
11001
1101
11098
11122
11145
11221
11226
112399
1124
11257
114899
1153
1154
1201
1287
1311
1359
1362
1363
1374
138162
1384
1397
1408
1486
150
1528
1580
1602
1675
168544
1718
18
1846
1847
1889
1917
2013
2034
2064
2065
2066
207
2099
213
214
2166
2184
2194
2203
2244
22845
22874
22885
22928
22977
23017
23030
23043
23078
23138
23158
23245
2330
23303
23324
23423
23428
23555
23588
23677
24141
2530
25764
25803
2582
25837
2593
26007
26018
26119
26154
2625
2674
26960
27034
27075
27134
27232
27324
2737
2872
29095
29109
2922
2937
2947
29760
30
3017
3158
3169
3212
3248
3295
3485
3487
3572
36
3667
367
3693
3708
3875
388
3880
3913
3955
400451
4137
414
4148
4151
4246
4250
444
4488
4582
4602
4680
489
5051
5104
51097
51363
51466
51474
51643
5167
51760
51809
5188
5241
5295
5304
53832
540
5409
54463
54502
54677
54681
54829
54847
54898
54961
5507
55194
55198
5524
55351
55357
55450
55521
55568
55614
55638
55686
55702
55733
55852
55890
55930
5625
563
5652
56521
5654
56647
56654
56731
56904
56967
5745
5753
57535
576
57758
5874
5920
595
6038
60481
6097
6309
6337
638
6400
64084
64087
64112
6424
64284
6451
64748
64798
65055
65084
6509
652
6584
6652
6720
6844
6926
7021
7031
7033
7043
7103
7108
7162
7351
7358
7366
7466
7494
7644
7703
771
7802
79026
7905
79083
79152
79170
79178
79443
79603
79624
79666
79729
79818
79820
79838
79846
79875
79901
79990
8045
80700
8309
8382
8416
8483
8490
8527
8535
8537
8614
8681
8775
8800
8821
8839
8971
8991
89927
9
901
90993
9120
9144
91977
9351
9358
93664
9368
9517
9518
9537
9547
9620
9635
9666
9674
9687
9743
9778
9814
9865
987
