10014
10125
10171
1027
10406
10486
10493
10609
10742
10884
10928
10998
1101
11012
112398
12
1280
1345
1360
140465
1471
1473
1659
18
1829
1952
2026
2036
2091
2099
2261
2263
23030
23158
2317
23239
23327
23362
23541
23624
23678
24139
24147
2523
26232
2625
2648
2674
27250
2743
2769
2891
290
2925
2952
29842
29902
3249
3303
3480
3487
3547
3572
36
3667
3815
3866
3909
4036
4129
4137
4256
4602
4604
4609
4857
4886
5046
50853
5104
51161
5129
51309
51466
5158
51596
5178
5241
525
5268
5324
5327
5366
54463
54898
55160
55194
55258
55793
55859
55861
56521
56652
56953
56994
5733
57523
57758
5830
58473
5860
5932
595
596
6019
60681
63895
64084
64699
6478
65123
6542
658
6777
7031
7049
7162
72
7227
744
771
7739
7802
79570
79746
79754
79875
79896
79933
80263
80755
8153
8187
8190
8416
8614
8722
8857
9
9455
949
9536
9620
9633
9687
9846
9903
9915
