1009
10154
10234
10409
10417
10418
10484
10536
10631
10699
11031
11117
11167
114899
1277
1278
1281
1289
1290
1292
1293
1300
1301
1311
1462
1490
1513
1604
1634
165
1809
1833
1909
2162
2191
2199
2200
22795
22846
2295
23022
23213
23414
23452
23601
23670
24141
2535
25878
2589
25903
25907
26011
2619
26585
2697
27122
27253
27286
2922
29940
29995
30008
3491
3624
3671
3678
3693
3912
3915
3956
4015
4016
4017
4060
4092
4148
4237
4267
4313
4320
4322
4323
4681
4811
4815
4837
4958
4973
50507
50509
50863
5118
51226
51330
51339
51450
5157
5159
51715
5176
5328
54587
5480
54829
55083
558
5654
56937
56944
57333
5789
579
5793
5919
6004
60681
6320
633
6382
6383
64175
64236
6424
6591
6678
6695
6696
6876
7045
7057
7058
7070
7078
7106
7130
7292
7472
7837
79070
79652
79783
79953
800
8038
8076
80781
83468
84168
8483
8630
871
8839
8840
8974
9315
9358
9509
9645
9781
9902
9945
