10043
10126
10200
10291
10478
10521
10762
11078
11135
11252
1312
1454
158
162
1652
2033
23112
23151
23464
23481
23543
23654
23760
23774
23786
2547
25771
25776
25793
25807
25809
25813
25814
25828
25829
26088
26286
2678
27349
27352
27440
2952
29796
3985
4174
4282
4357
468
4700
4733
4771
4809
51493
529
5297
5372
5435
54471
55000
55687
56478
57553
5902
6122
64976
6634
6767
706
7290
7332
7353
767
79087
79159
79174
80764
8214
84164
8459
84861
8508
85377
8563
8664
8897
89781
9145
9342
9463
960
9681
9889
9929
9978
9993
