10010
10051
10111
10161
10247
10299
10308
10388
10428
10464
10592
1060
10600
1062
10622
1063
10725
10735
10808
10915
1105
11064
11168
11177
11179
11183
11215
1122
114882
114908
140609
140890
151987
1629
1657
178
1783
1832
196441
201134
2186
221037
221830
22841
23002
23049
23064
23117
23200
23224
23230
23236
23253
23272
23301
23317
23347
23360
23376
23390
23398
23405
23443
23451
23512
23607
254531
25836
25879
25909
25957
26019
26065
26225
26354
26973
27332
27336
2803
2804
28981
29110
29123
29887
29889
29994
30836
3146
3181
3187
3189
3192
3344
3646
3688
3709
373
374354
3799
3895
394
3977
3981
4112
4154
4300
4311
4361
4659
4683
4691
4698
4781
4820
4863
490
4976
50618
5108
51105
51134
51319
51361
51427
51575
51592
51696
51742
51747
51773
51776
5202
5290
54014
5411
54165
54477
54482
5451
54517
54680
5469
5471
54800
54816
54874
54908
54951
55015
55023
55031
55035
55074
55088
55110
55149
55151
55196
55297
55320
55660
55713
55727
55854
5586
55914
56252
57018
57187
5756
5775
5813
58155
58517
5903
5926
5932
60487
6059
6249
6414
6426
64421
64848
65109
65110
65117
65250
659
6617
6738
6741
6814
6990
7003
7013
7035
7095
7110
7175
7184
7267
7336
7398
7525
7552
7594
7597
7637
7639
7644
7705
7913
79609
79677
79780
7979
79811
79839
79848
79884
79912
79974
800
80143
80155
80205
80306
80321
8036
8202
8204
8411
84162
8450
8476
8481
8672
8883
8887
889
9101
9126
9147
9169
9208
9295
9321
9360
94104
9411
9475
9497
9541
9652
9662
9669
9694
97
9747
9748
9749
9790
9821
9849
9857
9859
988
989
9910
9926
9928
9933
9987
9988
9994
