10087
10098
10204
10725
10766
10927
10928
11057
1108
133619
146057
151987
152
1783
1788
1871
1981
1997
2058
219333
221692
22980
23099
23196
23197
23253
23451
23468
23476
25879
25897
26986
27333
2734
27340
2742
2771
2801
2885
29123
2932
2957
29855
3070
3146
3149
3839
3842
3987
404093
4055
4090
4097
4528
468
4683
4782
4784
51203
51319
51361
51575
51621
51663
5170
51701
5291
54619
5469
54704
54726
54739
54800
54876
55055
5514
55186
55279
55284
55320
55607
55704
5611
56683
57062
57146
57187
5757
5775
5927
6095
64864
659
6907
6924
6953
7019
7184
7707
79064
79848
79871
79884
80155
83737
8826
8861
8943
8976
904
9100
9126
9169
9258
9360
9392
9669
9703
9733
9749
9761
