1001
10278
10279
10413
10562
10647
10769
11211
11252
11254
114908
1287
1298
1825
1830
1846
1848
2001
2104
2152
23650
23677
2568
25859
25928
25984
26289
26298
26751
2810
306
3158
3294
339479
351
3694
3852
3855
3861
3866
3872
390
3914
3977
4013
4070
4071
4246
4250
4319
4604
4756
476
481
51280
51334
51700
5268
5295
5304
54682
55268
55503
55786
5625
563
5650
57535
6271
6273
6422
6590
6662
6947
7021
7105
72
7368
79098
79679
79683
79762
79789
79838
79901
8190
8324
8424
8470
84951
8792
8842
94025
9635
9723
98
