100
10019
10062
101
10125
10133
10148
10235
10261
10288
10320
10346
10379
10384
10409
10410
1043
10457
10462
10507
10537
10561
10563
10578
10659
1075
10791
10855
10859
10875
10964
11006
11025
11040
11118
11119
11184
11262
11309
11314
11326
1230
1231
1236
1380
140885
1436
1439
1508
1514
1520
1521
1535
1536
1844
1880
1890
199
2014
2048
2123
2124
2207
2209
2212
2213
2219
2268
22797
22898
23046
23166
23228
2350
23547
2357
23586
23643
240
241
2512
2533
2537
25780
25816
25939
25975
26112
26191
26228
2633
2634
2643
27040
27074
27128
272
27240
27299
27334
2833
2841
28793
29802
29887
29909
30009
3001
3002
3003
3055
3059
3071
3101
3106
3107
3108
3109
3112
3115
3117
3119
3122
313
3133
3134
3135
3162
3290
330
3383
3394
341
3428
3429
3431
3434
3437
348
3500
3512
3514
3535
356
3560
3561
3570
3575
3576
3587
3600
3601
3603
3620
3627
3635
3659
3665
3669
3683
3687
3689
3695
3702
3820
3821
3824
3902
3903
3904
3932
3936
3937
3957
4014
4050
4064
4067
4068
4069
409
4125
4208
4242
4245
4283
4312
4318
4332
4354
4599
4600
4688
4689
4818
4900
4917
4938
4939
4940
5026
5027
5031
50515
50852
50856
51177
51191
51237
51296
51316
51338
51365
51393
51411
51621
5272
5294
5305
53347
5336
5341
5359
53827
5450
54504
54518
54739
54809
54863
54900
55008
55024
55092
55196
55281
55303
55332
55337
55340
55423
5551
5552
55601
55619
55640
5579
55803
55843
5641
567
56833
5696
5698
5699
5721
5724
5730
5778
57823
5788
5790
58504
5880
5920
597
5971
5996
6039
60489
608
6237
6261
6279
6347
6351
6352
6355
6362
6363
6373
6375
639
6398
6402
6404
64092
64108
64167
64761
64780
64919
6503
6504
6507
6614
6648
6688
6696
6737
6772
6775
6793
684
6846
6890
6891
6916
695
6999
7077
7097
710
712
7127
7128
7133
716
717
7185
719
7305
7318
7409
7412
7453
7454
7456
7462
752
7535
7805
7852
7940
7941
79413
79585
79630
79668
79709
79958
80301
80342
80774
80833
80896
834
8477
8519
8530
8542
864
8685
8728
8740
8807
9020
9046
9051
9056
9111
912
914
915
91543
917
920
9235
924
9246
925
926
929
930
9308
931
9332
939
940
9404
942
9447
945
9450
9473
951
952
953
9535
958
959
9595
962
963
9636
968
969
971
972
973
974
9744
9750
9770
9806
9830
9881
9938
