10000
1001
1003
1009
10123
10124
10144
10157
10179
10184
10186
10205
10231
10234
10252
10253
10278
10279
1028
10351
1036
10391
10398
104
10404
10410
10417
10418
10447
10457
10468
10477
10479
1051
10516
10536
10562
10602
10630
10631
10644
10656
10659
1066
10699
10752
10763
10810
109
10957
10982
11013
1102
11067
11075
11080
11096
11117
1112
1116
11167
11170
11197
1123
11237
11240
11254
11259
11275
113
11346
115207
1191
1193
120
125
1264
1265
1266
1277
1278
1281
1289
1290
1292
1293
1299
1306
1307
1308
1311
133
1346
1356
136
1363
1410
1462
1465
1466
1490
150
150094
1513
1545
1601
1604
1627
1634
1647
165
1672
1687
169611
1727
1730
1734
1756
1759
1803
1805
1808
1809
182
1824
1827
1839
1842
1843
1848
187
1901
1906
1907
1909
1948
1958
1959
1969
2
2001
2006
2009
201134
2012
2018
2019
2034
2037
2059
206358
2078
2114
2132
2139
2149
2150
2152
216
2162
2167
217
2191
2192
2195
2199
220
2200
2205
221061
221395
221981
2246
2273
2274
2275
22795
22808
22856
22861
22873
22876
22881
22918
22943
2295
2296
22982
23015
23022
23024
23037
23077
2308
23090
231
23148
2316
23179
2318
23240
2326
23266
2327
23301
2331
23318
23321
23328
23331
23336
23345
23414
23432
23452
23461
23462
23466
23516
2353
2354
23597
23621
23645
23650
23683
23708
23743
23764
23768
2487
2526
2532
2535
2568
25802
25816
25818
25825
25840
25878
25891
25900
25903
25907
25928
25937
25960
25966
25984
25996
25999
26002
26010
26011
26064
26136
2619
2621
2627
26278
2633
2634
26468
26577
26585
2669
2687
27018
271
27122
27242
27286
27303
2734
274
2744
276
2770
2791
28232
2824
284
284119
287
28793
2882
28951
28959
28984
28986
29015
2908
2919
2920
2921
2922
2934
2950
2952
29802
2982
2983
29940
2995
29965
29970
29995
30008
301
306
3075
30846
30851
3142
316
3198
3201
3202
3206
321
3269
3294
3316
3339
3357
3371
3384
3397
3399
3400
3426
3428
3459
347
3486
3489
3490
3491
351
3512
3514
355
3554
3566
3569
3575
358
3590
3624
3625
3628
3671
3678
3679
3716
3725
3726
3759
3775
3779
3783
3815
3852
3855
3861
3866
3868
3872
387509
3887
389136
390
3908
3910
3912
3914
3915
3918
3930
3945
3956
3983
3987
3995
4000
4015
4016
4017
4035
4038
4052
4053
4060
4065
4081
4082
4129
4131
4147
4162
4188
4211
4212
4222
4223
4237
4240
4256
4267
4281
4306
4311
4313
4314
4323
4327
4330
4345
445
4478
4487
4493
4496
4501
4502
4609
4627
4629
4638
4651
467
4674
4675
4681
4692
4739
4781
4783
4811
4815
4837
4851
4856
4881
4882
4907
4915
4917
4919
4921
4958
4969
50507
50509
5054
5066
50805
5099
51129
51170
5118
51186
51196
51226
51279
51285
51299
51302
51339
51375
5142
51421
51435
51442
51450
51454
5152
5154
5156
5157
5159
51678
5168
51703
5175
5176
5243
5268
5270
5292
5293
5311
5321
5325
5329
5332
53335
5337
5348
5351
5358
5376
54101
5420
54360
54453
5450
54504
54551
54587
54674
5468
54796
54810
54829
54873
54922
5493
55013
5502
55022
55024
55033
55076
55082
55083
55084
55190
55205
55214
55228
55273
55323
55365
5549
55503
55506
55509
55603
55612
5562
55679
55691
55701
55714
55790
558
55816
5587
55888
55906
56034
5613
5621
5627
5649
5653
5654
56548
56603
56895
56898
56935
56937
56940
56944
56967
57048
57088
57124
57125
57161
57162
5730
57333
5734
5737
57419
5743
57493
5754
5764
57820
579
5796
5797
5806
58189
58494
58528
59
5918
5919
59342
5954
5997
5999
60468
60681
6091
6125
6137
6196
6206
6223
6236
6273
6275
6277
6281
6285
6320
6322
633
6347
6352
636
6363
6366
6367
6376
6382
6383
6387
6401
6403
64167
64175
6422
64236
6424
64359
64388
64411
6446
6447
64699
6474
64759
64762
64764
64778
64838
6489
649
650
6515
6525
6526
6566
6578
6581
6586
6590
6591
65983
6624
6649
6663
667
6678
6695
6764
6840
6850
6867
6876
6925
6934
694
7021
7035
7041
7043
7045
7048
7056
7058
7060
7070
7071
7075
7091
710
7102
7122
7130
7132
7145
716
7169
7171
72
7205
7216
7220
730
7360
7373
7412
7414
7421
7424
7431
7436
7447
7450
7461
7474
7538
7552
7570
7791
7837
7850
79070
79073
79156
79365
79614
79633
79642
79652
79679
79695
79745
79776
79783
79785
79817
79899
79971
79987
800
80014
80176
80206
80310
8038
80745
8076
80781
8082
813
81553
81565
81618
8190
827
8321
8324
83439
83468
83604
83700
8404
8406
84159
8424
8434
8460
84617
8470
8476
8483
84909
84981
8522
8531
8532
85352
8543
85453
8555
857
8572
8577
858
8611
8613
862
8639
864
8642
8644
8690
871
8727
8754
8788
8839
8842
8857
8877
8898
8910
8933
894
89797
90
9023
9037
9044
9060
9064
9073
9079
9095
911
9122
92
9235
9244
9260
9353
9358
9388
9397
9444
9448
9452
9466
9467
947
9508
9509
9510
9540
9589
9590
9627
9638
9639
9644
9647
9655
966
9686
9697
9737
9770
9781
9805
9811
9828
9843
9844
9882
9891
9899
9902
9903
9935
9945
9955
9976
