10025
10147
10157
10158
10160
10180
10181
10207
10250
10256
1028
10307
10336
10395
10401
10406
10425
10443
10446
10472
10482
10486
1052
10520
10521
10610
10647
10691
10725
10742
10765
10766
10848
10858
10868
10873
10927
10966
11000
1101
11030
1108
11122
11129
11133
11147
11188
11243
11346
114044
114327
1153
1154
115817
116496
117155
1185
1196
12
124565
1287
1387
140710
1454
1469
1472
1488
1491
1499
1524
155400
157869
1602
1746
1793
18
183
1836
1846
1856
1907
1938
1939
1942
1953
1958
1960
199731
2053
2073
2099
21
2104
22832
22863
22889
22902
22926
22932
22955
22981
23013
23015
23030
23032
23038
23066
23081
23093
23099
23112
23117
23126
23131
23132
23152
2317
23187
23196
23201
23211
23221
23224
23248
23261
23263
23309
23315
23334
23352
23362
23365
23371
23385
23387
23389
23396
23403
23476
23524
23541
23564
23604
23637
23639
23682
23705
23767
23774
25
2521
2531
253461
2550
2571
25759
25799
25850
25861
25957
26037
26040
26053
26118
26137
26145
26152
2625
26298
26469
2648
26993
27005
27099
27245
27300
27332
27333
27339
27343
2737
275
2767
2801
2825
283638
2872
2874
288
2891
28996
29048
29068
29087
29123
2944
29763
29855
29896
29911
29928
29990
29997
29998
30827
3104
3169
3191
3221
3223
3249
3280
3299
3321
3400
3480
3487
35
3625
3643
3664
367
37
3704
3714
3720
3727
3728
375790
3852
3861
387509
3909
3913
4026
4036
4040
4041
404734
4054
4091
4123
4129
4137
4152
4209
4216
4335
4337
4482
4485
4520
4582
4602
4638
4649
4782
4784
4799
481
4820
4886
4915
4921
4926
4929
5064
50717
5087
51035
51093
51106
51111
51131
51157
51205
51232
51319
51326
51341
51380
5141
5143
51466
51520
5154
51564
5158
51588
5170
51747
5187
5205
5228
5241
5252
5256
5304
5327
5333
5342
5387
5394
54093
5430
54441
54455
5446
54470
54487
5451
54540
54623
54662
54811
54820
54836
54856
54869
54903
54914
54916
5493
54973
5498
55054
55056
55094
55096
55103
55105
55107
55139
55184
55186
55208
55209
55249
55259
55268
55311
55320
55367
55556
55568
55591
55592
55607
55608
55610
55634
55657
55679
55691
55695
55705
55716
55755
55762
55769
55802
55810
55823
5586
55888
55893
55909
55917
55970
5598
56623
56654
56920
56953
56998
57035
57062
57187
57466
57473
57496
57535
57551
57556
57658
5768
57758
5792
5813
582
58495
585
58517
5863
5891
5893
5927
5930
596
6046
605
60686
6095
6191
6194
629
6314
63971
64061
64084
64285
6429
6430
6433
643641
64743
64745
64760
64763
64772
64787
64794
65123
6601
6621
6625
665
6653
6659
6662
6666
6709
677
6779
6794
6843
6844
685
6894
6907
6926
7003
7021
7031
7033
7049
7204
7205
7248
727
7270
7289
7380
7442
7503
7515
7536
7572
7593
7629
7678
7692
7694
7695
7707
7746
776
7761
7766
780
78994
79014
79066
79083
79085
79155
7916
7919
79365
79589
79602
79618
79659
79661
79667
79671
79679
79684
79744
79762
79777
79810
79838
79846
79921
79957
80022
8019
80206
80212
80216
80263
80271
80279
80323
80755
8082
8106
8148
81563
81602
81609
81932
8233
8241
825
83483
83759
8382
84148
84172
84196
8470
84726
84901
84914
84939
8507
8527
8538
8558
8567
861
8614
8620
8671
8764
8777
8824
8857
8861
8864
8870
8943
8976
89797
89927
9
9028
9064
9121
9129
9181
9203
9218
9223
9231
9254
9256
9295
92973
9360
9392
9486
9497
9547
957
9576
9578
9592
9612
9639
9658
9667
9668
9686
9687
9696
9701
9725
9726
9736
9739
9743
9755
9796
9807
9823
9827
9828
9842
9851
9857
9858
9863
9869
9877
9898
9905
9909
9924
9984
9988
