1001
10124
10200
10225
10278
1031
10331
10351
10397
1043
10462
10477
10537
10562
10563
10644
10659
10752
10810
10938
11012
11096
1116
11184
11254
116984
1183
1193
1231
1236
1259
126
1264
1299
1380
1381
140578
1410
1459
1475
154
1573
1593
1672
1806
1825
1828
1906
2001
2051
2173
2195
220
221061
2277
22943
23157
23179
23200
2327
23336
23460
2532
2564
2568
25805
2591
25928
25937
26034
26045
26112
26136
2620
26207
26227
26228
2627
26278
26279
2634
2672
26872
27040
27074
2824
28793
2887
2919
2920
2949
2950
29851
29909
29968
3001
3002
3003
301
306
3091
3097
3110
3112
3131
3202
3226
3227
33
339479
3398
3400
3426
3455
347
3475
3512
3514
3535
3561
3574
3575
3576
3595
3695
3702
3712
3775
3815
3820
3821
3852
3855
3861
3866
3872
3887
390
3914
3932
3934
3945
3957
4050
4063
4065
4069
4118
4147
4153
4212
4222
4232
4233
4256
4281
4283
4314
445
4501
4638
467
4781
4783
4804
4818
5026
50617
5063
50852
51129
51237
51316
51348
51411
5168
51700
5179
51806
5199
5243
5268
5307
5324
5325
5332
53335
53347
5368
54101
5450
54541
54900
54957
54997
55003
5502
55024
55359
55501
55765
5579
55790
55876
5588
5625
56253
5627
5638
56648
57110
57211
5727
5730
5743
57553
57602
5790
5803
5806
5918
59272
59342
5997
6018
60468
608
6167
6199
6202
6280
6328
6352
6355
6361
6362
6363
6366
6376
6397
6414
6422
64750
6480
64919
6504
6549
6567
6590
6662
6663
6715
6775
6846
688
710
7103
72
730
7535
78989
79156
79612
79679
79705
79720
7980
80342
80853
81567
81578
81618
8190
8322
8395
8406
8424
84864
8543
8761
8809
8842
8875
8884
9022
9046
9073
910
911
914
915
917
91860
924
9249
9258
926
9262
9263
930
931
934
9379
939
9452
9456
9510
952
9635
9654
969
973
974
9750
9762
9933
9934
