1000
1001
10024
10036
10112
10212
10221
1033
10360
10383
10403
10460
10535
1058
10615
1062
1063
10635
10682
10721
10733
10874
10926
10950
11004
11065
1111
11130
1116
11182
11332
1159
1164
124222
126321
1299
133
1356
1364
140459
1468
1503
1515
1789
1852
1869
1894
2146
2175
2189
22827
22974
23076
23160
23306
23310
23397
2346
23513
23532
23534
23590
23594
23616
23649
24137
2491
2525
2539
25788
259266
26150
26227
26255
26271
26586
27074
27161
27299
2731
27338
2810
28227
2842
2861
29127
29899
29901
3007
3009
3014
3070
3149
3161
3226
3669
3775
3783
3832
3833
3849
3929
4001
4061
4085
4171
4174
4175
4176
4234
4277
4288
4312
4317
4318
4321
4324
440
4496
4502
4521
4595
4599
4605
4651
4678
4751
483
4839
4860
51001
51053
51087
5111
51155
51203
51319
51373
51512
51514
51659
5214
54101
54149
5425
54478
54815
54821
54920
54972
54982
55010
55110
55143
55165
55247
55262
55344
55353
55355
55388
55630
55635
55661
55723
55765
55839
55872
56342
56942
56992
57211
57405
57553
57817
58516
5888
5898
5984
6241
6279
6280
6286
6364
6376
641
64785
65263
6573
6628
6664
6689
6790
699
701
7037
705
7083
7153
7272
7298
7804
79000
79019
79623
79651
79733
79801
8061
8140
8208
8317
8318
833
83461
8424
8438
8544
85453
8564
8565
8568
875
8767
8833
8836
8884
890
891
8914
898
89845
9055
9123
9133
9134
9143
9156
9168
9212
9232
92815
9334
9355
9401
9415
9456
9493
9582
9654
96764
9688
9700
9735
9768
9787
9824
983
9833
9837
990
991
9928
993
994
995
9982
