10058
10637
10647
10850
11005
11272
11341
1280
1356
1358
1360
1361
1474
1644
1672
170680
1748
1823
1828
1830
2064
222663
2244
2266
2267
22843
23532
25770
25984
26239
27178
276
28513
2888
29106
29118
2940
29949
3006
3248
3757
3849
3858
3860
3929
4014
4100
4102
4250
429
4653
4745
4821
4878
4897
5055
5100
5121
5126
5132
51617
5304
5332
54857
56475
56934
56938
57626
590
6279
6354
6442
6616
7103
7180
7363
7850
7857
796
7982
79852
79870
79888
79933
80095
81578
820
8431
8645
869
8710
8715
8796
9607
9635
9982
