10057
10096
10097
10109
10123
10288
10457
10561
10577
10630
10964
10993
11015
11021
11025
11274
113
1176
1200
1230
1277
1290
1300
1301
133
140
1474
1508
1509
1514
1601
1612
2054
2131
2207
2209
2212
22795
23129
2316
23213
23380
2359
23603
2512
2537
25932
26010
2633
27036
27180
27299
285
2876
29992
3055
3091
3106
3109
3122
3162
341
3429
3434
3437
3559
3604
3627
3689
387522
3937
3956
3984
3987
4052
4069
4082
4237
4283
4312
4318
4320
4322
4332
4478
4481
4599
4600
4668
4688
4920
5033
50515
51063
51155
51192
51296
51338
5328
5329
5341
5352
5355
54209
54210
54541
5476
55013
55343
55346
55357
5552
55647
55704
56833
5688
5698
57103
586
60
6004
6035
6275
6280
6281
6282
6351
6355
6356
6373
6503
6518
6556
6574
6696
6772
7045
7058
7077
712
7124
7171
728
7305
7345
7408
7431
7805
7852
7941
79890
79930
80150
80176
80896
813
822
832
838
84617
8877
9033
9056
9076
9123
91543
929
9332
9473
9582
963
9636
972
9961
