10001
10014
10025
10043
10053
10098
10103
10105
10126
10127
10134
10155
10162
10174
1020
10202
10211
10227
10243
1025
10256
10263
10265
10267
10268
10277
10295
10336
10362
10419
10446
10451
10455
10458
10482
10521
10522
10548
10551
10560
10576
10608
10610
10611
10612
10647
107
10884
10916
10945
10959
10963
11000
11001
1101
11057
11070
11076
11094
11122
11138
11140
11152
11160
11161
11187
11194
11212
112398
11261
11282
11284
11316
113178
11343
114327
116987
118
12
1201
1209
1345
1360
1365
1366
138162
1382
1384
1397
1441
1453
146542
1470
1471
147179
1487
1528
1537
1580
1602
1605
1616
162427
1632
1639
1654
166
1718
1733
1741
1777
18
1819
1846
1847
185
1877
1889
1893
191
1917
1952
1968
1999
20
200081
2011
2013
2021
2026
2030
2053
2064
2065
2066
207
2099
21
2166
2193
2194
2203
2232
224
226
22836
2286
22864
2288
22883
22885
2289
22893
22904
22907
22977
22985
2299
22996
23030
23089
2309
23099
23116
23154
23158
23168
2317
23170
23193
23196
23199
23225
23245
23263
23295
23303
23327
23339
23361
23362
23371
23387
23389
23396
23400
23410
23428
23522
23524
23541
23542
23550
23598
23613
23639
23646
23677
23678
23761
23767
2548
25792
25796
25799
25803
25809
25861
25875
25897
2593
25987
26001
26007
26018
26020
26035
26040
26056
26057
26084
26115
26119
26133
2625
26297
2639
26469
26470
26505
2674
27013
27037
27090
27092
27134
27165
27175
27237
27293
27315
27324
27349
2743
27434
2746
2752
2767
2776
2783
2801
2817
2873
2874
2879
2886
2891
28952
28958
2896
29058
2909
2937
2947
2948
2954
2962
2975
29855
29882
29946
29956
29990
3005
3029
3030
3064
3065
3081
3092
3104
3185
3249
3300
3303
3315
3326
3480
3482
3485
3551
357
3572
36
3642
367
3675
369
3694
3708
3710
3727
3728
375
3760
377
3835
3875
3880
389
3899
3911
3927
3955
396
3980
3993
399665
400451
4036
404093
4054
410
4128
4137
4150
4214
4250
4255
4282
4326
4329
435
4351
439
4435
4582
4602
463
4646
4680
47
4705
473
4745
4753
4758
4779
4782
4802
4833
4841
4849
4886
489
4913
4924
4925
4926
4929
4952
4967
5002
5007
5025
5029
5034
5037
5045
5051
50512
5064
5073
50861
50865
5087
5092
5093
5094
5097
5104
5106
51133
51150
51160
51164
51181
51207
51228
51231
51295
513
51313
51329
51337
51364
51398
51466
51477
51479
51495
51573
51594
51604
51614
5167
51673
5170
51701
51706
51728
51729
51760
51809
5188
5226
523
5241
525
5265
527
5283
5297
5315
5327
53373
5339
5364
537
5372
54332
5434
5446
54463
54472
54494
54502
54530
54623
54681
54785
54795
54797
54820
54842
54843
54847
54862
54898
54916
54958
55002
55005
55072
55101
55107
55147
5518
55192
55194
55198
55199
55204
55219
5524
55258
55272
55280
5531
553115
55315
55336
55351
55367
5546
55521
55614
55624
55638
55643
55644
55653
55658
55686
55702
5571
55718
55733
55739
55764
55793
5580
55844
5585
55851
55859
5589
55930
55954
55968
5605
5618
563
5652
56521
56654
56731
56904
56928
5702
5709
5714
5725
573
57496
57513
5753
57535
576
5763
57658
57758
57804
5781
5786
5792
582
5825
5832
5834
5860
5875
5878
5900
5905
5914
59307
595
596
5970
5976
5977
598
5986
599
6019
60313
60314
6038
60481
6051
60626
60685
6122
622
6240
6252
629
6293
6294
6337
638
6385
63895
6405
64084
64087
64112
6415
6416
642
64215
64223
64284
64285
6451
64748
64755
6478
6482
64864
64921
65018
6505
65055
6506
65124
6542
6575
658
6584
65979
6601
6605
6625
6652
6666
6667
6674
6692
6697
6720
6760
6774
6778
6810
6813
682
6820
6821
6857
6898
6919
6926
6992
7009
7020
7031
7033
7089
7090
7108
7138
7157
7162
7163
7200
7227
7249
7278
7283
7284
7343
7358
7430
7465
7466
7468
7494
7520
7542
7572
760
7644
771
7727
780
7802
7844
78990
79038
79058
79083
79087
79137
7917
79170
79178
79269
79446
79570
79603
79624
79629
79641
79759
79875
79932
7994
79990
80024
8019
80223
80279
80344
80700
8073
80755
8079
8086
8125
8131
81539
81691
81894
81932
8204
8209
8225
8241
826
8289
8309
8344
83483
83658
8382
8405
8408
8416
84612
84656
84726
8479
84901
84914
84942
8501
8534
8535
8574
8603
8612
8614
863
8659
866
8678
8720
8729
8733
8773
8775
8786
8870
8906
8943
8971
8975
8991
89927
89941
9
901
90355
9053
9091
9094
9112
9120
9128
91304
9135
9139
9144
9146
91754
9179
9184
9185
9201
9230
9254
9261
9328
9338
9351
9368
9369
9371
950
9501
9522
9524
9526
9531
9537
955
9555
9578
9611
9620
9629
9632
9633
9674
9681
9687
9703
9727
9742
9743
975
9761
977
9777
9784
9810
9858
987
9914
9915
9919
9927
9961
9973
9980
999
