10057
10103
10140
10202
10237
10238
10241
10265
10476
1048
10513
10551
10610
10753
1087
10948
11011
11143
11232
11267
11325
117246
1213
124583
147179
1655
1728
2064
2186
2203
220594
2258
22794
22834
2287
25764
25926
26115
26154
2650
27075
27092
27324
2817
2886
29095
3006
3012
3017
3156
3315
3396
353
3675
3694
3760
3927
3993
4477
4591
463
4680
51015
51136
51174
51195
51204
516
51651
51659
51747
51806
5245
5349
5409
5469
54795
54854
54894
55040
5514
55148
55181
55227
55316
55521
5573
55770
55852
55876
55890
56155
5625
5691
57003
5705
5709
5718
5914
6198
6286
6319
63897
64087
644
645
64750
6495
65264
6558
6603
6781
7031
7033
7103
7200
7363
7764
79152
79170
7980
8334
8343
8344
8346
8347
8351
8399
8405
8493
85236
8537
8714
8969
9052
9098
9144
9368
9518
9931
9969
9985
999
