1001
10103
10124
10158
10169
10200
10202
10278
10309
10321
10327
1039
1047
10519
10579
10647
10653
10736
10948
10970
11014
11094
11163
11221
11226
11240
11252
11275
11320
114908
1152
1159
1312
1317
133
1362
1384
1397
1428
1509
1573
1611
1622
1627
1672
171546
1717
1718
1728
1741
1755
1833
1846
1848
1945
1950
2064
207
2104
2108
2180
2181
2258
2264
22874
23017
23037
23043
23199
23423
23464
23475
23508
23555
23593
23623
23677
2525
2539
25803
25805
2582
2591
26047
26154
26207
2644
26471
26576
2678
27034
27089
27232
27242
27289
27324
2805
2817
2886
29097
29109
2936
2977
29923
306
3081
30850
3091
3110
3158
3227
3263
3371
339479
3417
3418
347
3597
3694
3768
3775
3855
387522
3898
3929
3934
3964
3985
4117
412
4151
4217
4246
4250
4312
4322
4324
445
4477
4502
4680
4821
4931
4942
4957
5083
51015
51278
51304
51330
5142
51660
51806
51809
5191
5251
5257
5277
5304
5365
5373
54020
5409
54187
5445
5469
54704
54847
54873
54972
54979
54996
5502
55076
55129
55287
55350
55450
55503
55521
55577
55647
55765
55790
55840
55844
55876
55890
55905
5597
5602
5625
5652
56647
56649
56731
56929
5709
57211
5723
57402
57415
5832
58472
5918
6143
6279
6280
6282
6286
6307
6319
638
6382
6461
64762
6495
65084
652
6523
6549
6557
6558
6590
6664
6804
6999
7021
7088
7103
7107
7108
7262
7264
7280
7351
7783
79017
79152
79623
79644
79710
79720
79739
79762
79820
79838
79962
80150
8030
80853
820
8202
8309
8322
8347
8395
8418
8495
8503
8507
8557
8560
8564
8659
8714
874
8743
8800
8842
8843
8942
9022
9053
9060
90993
9168
928
934
93664
9415
9451
948
9498
9500
9517
9550
9580
9635
9825
9862
9865
9885
990
9914
9919
9950
997
