10003
1003
10156
10186
10203
10252
10268
1031
10351
1036
10365
10400
1050
10516
10580
10628
10752
10826
10894
10974
11067
11170
11343
1149
115207
1160
116496
1193
124
125
126
13
1346
1368
1410
1475
1675
1805
1843
1848
187
1901
1910
1958
1959
2078
2157
216
2167
217
2180
2205
221395
2242
2273
2277
22875
23037
23077
23194
2327
23460
2353
23531
2354
23554
2532
254531
25924
25966
26112
26249
26577
2669
2690
2701
27129
2719
2791
2819
2869
2878
2920
2934
3003
3039
3043
3075
3087
3158
316
32
3240
3290
3316
3357
3384
3397
3426
347
3489
3569
358
3679
3908
3952
3991
4005
4023
4128
4147
4162
4222
4223
4311
443
4629
477
48
4828
4881
4886
5101
51129
51170
51299
5136
5138
5140
5166
51673
5168
5175
51751
5209
53353
53405
5346
5348
54463
5468
54810
54873
54988
5502
5519
55273
55303
5547
5577
55790
55885
55908
5627
56301
56548
56603
56920
5737
5743
58494
5950
5959
6236
6363
6366
6403
64102
6414
64321
64397
6445
64757
660
6649
6711
6812
6939
7026
7049
7060
7075
7079
7102
7122
7123
7140
7145
729
730
7450
7538
761
7704
794
79689
79762
79785
79960
79987
80177
81558
8322
83483
8404
8406
8436
8462
847
8490
857
858
8611
8639
8644
8736
8843
8908
9
9079
9201
9249
9314
9353
9370
9452
9457
947
948
9510
9535
9547
9737
9899
9936
