1001
10160
10205
10232
10253
10278
10279
10290
10397
10413
10426
10514
10562
10568
10644
10656
10725
10763
10874
10950
10966
11012
11013
1116
11197
11202
11237
11240
11254
11272
11341
1259
1280
1298
1299
1308
1356
136
1381
140578
1410
1448
1465
1466
1515
1672
1690
1749
1780
1808
1824
1825
1827
1829
1830
1832
1836
1852
1908
2
2001
2019
2049
2091
2119
2134
2139
2173
2195
2196
221061
2263
2277
22822
22903
2296
230
23052
23066
23114
23195
23239
23254
23266
2327
23294
23301
23321
23336
2348
23493
23532
23641
23650
23764
2568
25797
25818
25907
25928
25984
26065
262
2620
26227
26232
26298
27042
27074
271
27190
27242
276
2796
2824
28513
2861
2888
28965
290
29015
2919
2920
2950
29842
29965
29968
29970
29989
306
3201
3202
3275
3294
3316
3400
3475
351
3609
3680
3691
3696
3709
3714
3779
3783
3815
3843
3852
3855
3861
3866
3868
3872
3887
3906
3914
3918
3934
3945
3985
4040
4071
4147
4162
419
4233
4240
4281
4493
4496
4501
4604
4609
4638
4723
476
4781
4784
4915
4916
50628
50805
5100
51196
51302
51320
51442
5152
5154
51700
51806
5214
5268
5288
5317
5321
5332
53335
54101
54498
54800
54802
54922
54929
5500
55084
55117
55160
55214
55228
5553
55603
55607
55612
55713
55765
55906
5613
5627
5650
5653
56652
56922
56997
57018
57162
57180
57228
57348
5744
57447
57523
57553
5764
57820
5792
5803
5806
58155
5834
58473
58503
58516
5918
5932
59341
5947
5954
5997
60509
6223
6261
6263
6271
6273
6285
6374
6376
6422
64425
6450
64787
6489
650
65009
6502
6508
6566
6590
6659
6662
6663
6749
6764
688
6934
7018
7022
7105
7111
7136
7169
72
7289
7368
7461
7545
7570
765
7692
7775
79098
7913
79154
79156
794
79589
79605
79627
79632
79645
79679
79745
79817
7984
79896
7991
80144
80975
810
81544
81831
8190
827
8324
8325
8326
83439
83988
8424
8470
85377
8543
85453
8600
864
8645
8664
8666
8685
8690
875
8788
8842
8936
89797
9061
9071
9073
9104
9182
9200
9244
94025
9435
9456
9469
9542
9568
9654
966
9686
9721
9783
9903
991
9925
