10000
1003
1009
10124
10144
10157
10161
10180
10186
10202
10218
10231
10234
10252
10253
1028
10319
10351
1036
10365
10391
10395
10398
10399
10411
10417
10418
10462
10468
10477
10484
10512
10516
1052
10562
10563
10580
10628
10631
10647
10659
1066
10687
10699
10742
10752
10763
10788
10873
10891
11012
1102
11030
11067
11081
11096
11117
1112
11167
11170
11197
11202
11254
11259
11275
11283
11343
11346
114818
114899
1149
115207
1191
1193
120
1215
124
125
126
1264
1265
1266
1278
1281
128553
1287
1289
1290
1292
1293
1294
1306
1307
1308
1311
1316
1346
1359
1363
1408
1410
1462
1465
1466
1490
149111
150
150094
1511
1513
1524
154
1545
1580
1592
1601
1620
1634
1647
165
1672
1675
1687
169611
1733
1734
1746
1756
1759
1776
1793
1803
1805
1806
1808
1809
1811
182
1825
1827
1842
1843
1848
185
1901
1906
1908
1909
1910
1938
1948
1958
1959
196
1960
2
2006
201134
2012
2018
2034
2037
2059
2069
2078
2114
2115
2122
213
2139
2149
2150
2152
2159
216
2162
2167
217
2173
2191
2192
2199
220
2200
2205
221061
221395
2217
221981
2246
2252
2254
2273
2274
2277
22795
22856
22861
22873
22876
22881
22918
2295
2296
22982
23015
23022
23024
23037
2308
23090
23179
2318
23201
2322
23235
23236
2326
23266
2327
2331
23316
23328
23331
23336
23362
23371
23414
23452
23460
23461
23462
23466
23493
2353
23531
2354
23541
23543
23621
23645
23650
23678
23743
23768
24141
24147
247
2487
2532
2568
25802
25805
25818
25873
25878
25890
25891
25900
25903
25928
25937
25945
25959
25960
25984
25999
26011
26040
26112
26137
2619
2621
2627
26289
26468
26577
26585
2662
2669
2687
26872
2690
2697
27122
27123
2717
2719
27190
27244
27250
27295
273
27303
2735
2791
2819
2824
2826
284
284119
287
2878
28793
28965
28984
290
2908
2920
2921
2922
293
2934
2944
2947
2949
2995
29997
30008
301
3037
3039
3043
306
3075
3081
30846
30848
3131
3142
3158
316
3164
32
3201
3202
3240
3248
3292
3294
33
3316
3357
3371
3397
3399
3400
3426
347
347902
3486
3487
3488
3489
3490
3491
351
3512
3514
3547
3554
3569
358
3590
3625
3628
3667
3671
3679
3693
3716
3725
3726
374
3759
3764
3779
3791
3815
3820
3852
3861
3866
3872
387509
389136
390
3908
3909
390940
3910
3912
3914
3915
395
3952
3953
3976
3991
4005
4013
4015
4016
4017
4023
4035
4053
4060
4081
4094
4121
4128
4129
4131
4147
4148
4211
4212
4216
4222
4223
4232
4240
4246
4250
4256
4281
4286
4306
4311
4313
4314
4330
4337
4345
443
4435
4487
4604
4609
4616
4629
4638
467
4674
4675
4681
4692
4693
4739
477
4781
4804
4811
4815
4826
4837
4856
4881
4882
4915
4919
4921
4958
4969
4982
50507
50509
5054
5063
5064
5066
50805
5095
51063
51101
51129
51170
5118
51186
51226
51232
51285
51299
51334
51339
5136
5138
51421
51435
51450
51454
5152
5154
5156
5157
5159
5166
5168
5175
5176
5178
5179
5187
5239
5241
5243
5268
5270
5295
5304
5311
5321
5325
5327
53335
5346
5348
5354
5358
5376
5420
54360
54453
5450
54551
54587
54674
5468
54796
5480
54810
54829
54873
54898
54922
5493
54997
5502
55022
55026
55084
55086
55107
55190
55205
55214
55273
55323
55351
5549
55679
5569
55701
55714
55752
55790
558
55859
5587
56034
5621
5627
56301
5649
5650
5653
5654
5655
56892
56895
56898
56920
56944
56967
56994
57088
57124
57125
57161
57205
5730
57333
5734
57348
5737
5743
5744
57447
5746
57493
5754
5764
57664
57758
5787
5793
5797
5803
5806
58494
58503
59
5918
5919
59342
5950
5997
5999
6038
60468
608
6122
6124
6125
6136
6137
6138
6196
6203
6236
6273
6285
6310
6320
6322
6328
633
636
6363
6366
6376
6387
6401
6403
64084
64102
6414
64175
6422
64236
6424
64321
64359
64388
64411
6446
6447
64699
6474
64838
65012
6505
652
6578
6581
6586
6591
65983
6649
6663
667
6678
6695
6764
6840
6863
6867
687
6876
6898
6925
6926
6934
6947
7010
7018
7021
7035
7041
7042
7043
7048
7049
7056
7058
7060
7071
7075
7078
7079
710
7102
7103
7106
7122
7123
7130
7145
716
7169
7173
72
7216
7220
729
730
7373
738
7424
7431
744
7447
7450
7474
7481
7538
7545
761
762
7704
7837
79070
79098
79365
79589
79625
79633
79649
79652
79659
79667
79679
79695
79750
79776
79781
79785
79822
79901
79953
79966
79971
79974
79987
800
80031
80206
80310
8038
80723
80781
8082
810
81575
8190
827
8321
8322
8324
83439
83468
83604
83660
83700
8404
8406
84159
8424
8425
8434
8436
845
84525
8460
84617
8483
8490
84909
84951
84981
8522
8532
85352
857
8572
858
8600
8611
8613
8614
862
8622
8639
8642
8644
8665
871
8727
8742
8777
8788
8817
8835
8839
8842
8848
8854
8857
8863
8910
894
89795
89797
90
9023
9037
9064
9073
9077
9079
911
912
9122
9172
92
9244
9314
9315
9353
9358
9365
9370
9379
9429
9452
9467
947
948
9509
9510
9547
9590
9592
9627
9635
9638
9639
9655
966
9697
9710
9719
9737
9781
9796
9828
9839
9886
9891
9899
9902
9903
9934
9935
9936
9945
9976
