10016
10057
10079
10140
10153
10180
10224
10240
10299
10307
10308
10336
10363
10388
10401
10406
10428
10443
10451
10464
1047
10472
10486
10513
10520
10521
10551
10559
10560
1060
1070
10724
10735
10769
10782
10795
10845
10884
10912
10915
10927
1105
11064
11127
11129
11133
11146
11177
11193
11197
11215
11325
114327
116496
1185
1195
1287
1360
140609
1407
140890
1428
1446
145389
1488
152559
1580
1602
1655
1657
167227
171546
178
18
1811
1939
196441
1974
200576
2066
2073
2104
214
2155
2186
220594
221037
2258
22794
22823
22834
22849
2287
22878
22889
22890
22900
22902
22981
23002
23078
23116
23117
23158
23230
23244
23248
23253
23262
2330
23300
23303
23317
23335
23350
23360
23390
23398
23411
23421
23443
23451
23461
23469
23512
23524
23588
23607
23635
2483
2530
25801
25805
25836
25852
25949
25950
25957
26009
26035
26054
2625
2631
26512
2674
26750
26960
26973
27075
27094
27257
27316
27332
27333
27347
276
2803
2804
288
2891
28981
29079
29080
29102
29110
29803
29896
29994
3064
30836
3146
3188
3223
329
3295
3321
339479
34
3572
36
360
3622
374354
3842
3845
3895
394
4036
4117
4140
4253
4287
4319
4331
4335
441024
4485
4528
4548
4601
4659
4673
4677
4680
4698
4750
481
4820
4848
4857
4886
490
4925
4929
50650
5082
51018
51030
51065
5108
51097
51105
51106
51111
51112
51131
51133
51134
51141
51241
51290
51306
51309
51315
51347
51361
51372
51380
51389
51427
51430
51447
51455
51466
51575
51585
51592
51626
51631
51637
51643
51735
51742
51747
51773
51809
5205
5274
5295
5304
5342
5366
5378
538
53832
5394
540
54014
5409
54093
5411
54165
54463
54470
54477
54482
545
54502
54505
5451
54530
54537
54585
54622
54664
54677
54680
5469
54762
54801
54806
54808
54816
54819
54826
54851
54872
54877
54878
54885
54894
54942
5498
55000
55015
55023
55031
55035
55054
5507
55082
55094
55096
55102
55105
55120
55151
55173
55186
55187
55196
55204
55208
55213
55251
55255
55259
55268
55269
5529
55291
55329
55333
55364
55366
55435
55556
55578
55589
55592
55596
55608
55614
5562
55623
55631
55634
55657
55692
55717
55727
55733
55740
55745
55757
55758
55762
55763
55766
55769
55786
55818
5586
55863
55888
55900
55914
56134
56252
56339
56474
56521
56892
56898
56986
57018
57097
57107
57147
57187
57396
57496
57551
5768
57698
57711
57758
57763
57826
5783
57862
5813
58155
5816
5825
58486
58517
5860
5863
5874
5876
5891
5921
5930
59348
5980
60487
6143
6168
6229
629
6314
6322
63877
63901
63917
64081
6421
6430
6431
643641
64417
64418
64421
64430
6451
64577
64745
6477
64798
648
64848
64921
6495
6505
65109
65117
65123
65250
6553
6558
65981
66008
6617
6726
6741
6744
6787
6814
6817
6880
6894
6938
6940
6947
6990
6996
7031
7072
7110
7175
7181
7188
7248
7257
7486
7503
7556
7574
7594
7597
7626
7637
7639
7644
7690
7705
7730
7733
7746
7748
7750
7771
79017
7905
79083
79092
79269
79441
79609
79612
79618
79624
79661
79663
79664
79667
79669
79670
79675
79684
79744
79811
79820
79838
79846
79848
79884
79898
79912
79921
79923
79957
80006
80013
80055
80204
80205
80232
80263
80279
80321
80323
8034
8065
8100
81566
81608
8161
81617
81627
8239
8334
83452
8382
83989
840
8411
84162
8418
8443
8467
8473
8481
84869
84901
84914
84939
8507
8527
8537
8558
8562
8672
8681
8697
8790
8821
8825
8880
8887
9
90141
902
90355
90410
9044
9054
9098
9101
9129
9147
9169
91746
9185
9218
92342
9295
9338
9360
94104
9411
94134
9414
9419
9439
9453
9584
9617
9633
9643
9651
9652
9662
9668
9728
9736
9738
9747
9748
9751
9753
9765
9766
9767
9778
9818
9821
9841
9849
9851
9857
987
9877
989
9910
9926
9969
9984
9987
9988
9994
