10024
10036
10051
10112
10198
10212
1033
10403
10460
10535
1058
10592
10615
1062
1063
10635
10682
10721
10733
11004
11065
11073
11113
11130
1164
1515
1719
1786
1789
1869
1894
1951
2125
2146
2189
2232
22974
23306
23397
23649
24137
259266
26150
26255
26586
27338
28227
29028
29127
29899
3015
3070
3161
3832
3833
3978
3993
4001
4085
4171
4175
4288
4521
4751
51087
5111
51155
51195
51203
51204
51514
51659
53820
5393
5424
54478
54503
54821
54892
54908
55143
55165
55247
55355
55388
55630
55635
55723
55872
56992
57405
580
5984
6241
641
6790
701
7083
7153
7272
7283
7298
79019
79733
79980
8317
8318
83461
8438
8458
8805
890
891
9055
9133
9134
9156
9232
9401
9493
9582
9700
9735
9768
9787
9793
983
9833
9837
990
991
9928
