10048
10049
10093
10099
10105
10114
10139
10146
10150
10154
10159
102
10203
10236
10277
10280
10294
1030
10370
10419
10431
10484
10499
10526
10533
10534
10552
10558
10576
10589
10613
10672
10746
10773
10818
10857
10924
10933
10945
10959
10963
11011
11051
11080
11102
11104
11140
11183
11282
11322
11345
1316
1362
1385
1398
1432
1436
1509
151011
1535
1652
1654
1739
1968
2011
2023
2030
2280
22836
2289
22919
2309
23118
2319
2342
23471
23473
23505
23530
23536
23587
2359
23646
241
24149
254102
2585
25932
26092
26175
26298
26503
2665
27090
2720
27249
2730
27309
27314
27336
27338
27436
2747
2773
2783
2799
28977
29058
2923
2936
2956
29766
29959
3122
3185
3241
3298
3301
3312
3326
334
3482
3655
3658
3694
3727
373
375
378
3796
3799
382
3840
387
387893
389
396
3981
3998
406
4076
4089
409
4121
4149
4150
4192
4200
4247
4254
47
4758
4780
4802
4841
4849
4904
4924
5025
5034
50807
51068
51081
51100
51104
51136
51164
51167
51174
51313
51322
51360
51397
51449
51479
51495
51573
51714
51715
5226
5229
523
5238
526
528
5290
5339
54107
54332
5434
54431
54708
5479
54842
55002
5504
55233
55573
55643
55671
55681
55700
5573
55787
55849
55916
5594
5631
5660
5663
56650
56834
56904
56993
5702
57045
5714
57337
5781
5782
5832
58487
5861
5868
5899
5922
5962
598
5987
60
6093
6259
6319
64172
6426
64395
6464
64834
64960
6575
6612
6667
6734
6745
6760
6767
6773
6774
6809
682
6856
6883
7011
7027
7048
7086
7094
7099
712
7157
7171
7247
7323
7326
7328
7334
7385
7402
7416
7430
7531
7533
7534
757
7756
7803
79016
79033
79038
79718
7976
80153
80207
8030
80306
813
81537
81542
81555
81631
81688
81847
81853
821
823
826
8295
830
8301
8394
8407
841
8450
8535
8540
8612
8673
8675
8693
8737
8763
8773
8935
8940
9049
91304
9180
9204
9261
9337
9341
9364
9367
9375
9410
9425
950
9526
9532
9589
9604
9784
9867
9908
9948
999
9991
