10019
10062
10219
10225
10261
10288
10346
10379
10384
10396
1043
10462
1050
10507
10537
10561
10563
10577
10578
10663
1075
10791
10863
10875
10964
11006
11040
11118
1118
11182
11184
11262
11274
11326
116984
1230
1231
1236
135
1380
1436
1438
1439
1475
1512
1514
1520
1521
1535
1536
1540
1776
1806
1833
1844
1880
1890
199
2123
2124
216
2207
2209
2212
22797
2313
23136
23157
23166
2328
2350
23547
23586
23643
241
24138
2517
2532
2533
2537
25816
25939
25975
26034
26112
26191
26228
2633
2634
2643
26999
27074
27128
27240
27299
2745
2833
2841
2876
28793
28959
29760
29851
29909
29992
30009
3001
3002
3003
3055
3059
3071
3075
3087
3106
3107
3108
3109
3112
3115
3117
3119
3122
313
3133
3134
3135
330
3384
3385
3394
341
3428
3429
3431
3434
3437
347
348
3512
3514
3535
3543
356
3560
3561
3575
3587
3600
3601
3603
3620
3627
3635
3659
3662
3665
3669
3676
3683
3689
3695
3702
3712
3717
3820
3821
3824
3902
3903
3932
3936
3937
3957
3959
3988
399
4050
4063
4064
4065
4066
4067
4068
4069
4118
4145
4208
4242
4283
4312
4318
4332
4599
4600
4688
4689
4753
4818
489
4917
4938
4939
4940
4973
5026
50619
50852
50856
51056
51177
51191
51237
51284
51296
51303
51316
51338
51365
51411
51513
5168
51703
5175
5243
5305
53347
5336
5341
5359
5368
54
54491
5450
54504
54739
54809
54855
54900
55008
55016
55024
55196
55281
55303
55337
55340
55365
55423
5551
5552
55577
55601
55619
5567
55707
5579
5583
55840
55843
56253
5660
567
56833
5684
5696
5698
5699
5720
5721
5730
5732
5777
5778
57823
5788
5790
5791
5880
5918
5920
597
5996
6003
6039
60489
608
6279
6280
6347
6351
6352
6355
6356
6357
6362
6363
6367
6373
6375
6401
6402
6404
64092
64108
64167
64747
64761
64919
6494
6503
6504
6507
6614
6648
6672
6689
6737
6772
6775
6793
684
6846
6890
6916
695
6999
712
7128
7133
717
7185
719
7292
7305
7318
7409
7412
7453
7456
7462
7472
752
7535
7805
7852
7903
79132
7940
7941
79413
79630
79668
79930
79958
8000
80301
80342
80774
80833
80896
81552
834
837
8418
8477
8519
8530
8542
8605
8631
864
8676
8764
8807
8820
8850
8869
8875
8935
8942
9022
9033
9046
9047
9051
9056
911
9111
912
914
915
91543
917
9194
9214
9235
924
9246
925
9262
9263
929
930
931
9332
9363
939
9404
942
9447
9450
9452
9473
951
952
953
9535
9595
962
963
9636
968
969
971
972
973
974
9744
9750
9770
9806
9839
9844
9881
9934
9935
9938
9976
