10170
10235
10346
10384
1043
10462
10507
10537
10563
10875
11040
11064
11184
113791
120
1236
125
1439
1520
1521
1522
1880
2124
2213
221692
2219
22861
22900
23046
2326
23495
240
2532
25816
25849
2633
27074
27240
27299
27334
2811
2833
2841
28793
29802
29909
3001
3002
3003
3059
3108
3109
3119
3122
3126
330
3394
3500
3512
3514
3535
3575
3576
3587
3603
3620
3627
3687
3702
3820
3932
3936
3937
397
4050
4069
4154
4189
4222
4261
4283
4345
4775
4818
5026
51237
51316
51411
51561
53347
5341
5450
55024
5527
55423
5552
5579
55843
5588
5730
5788
5790
5880
5906
608
6352
6363
6366
6373
640
6402
64092
643
64919
6775
6932
694
7133
7412
79368
7980
81537
81567
81618
864
894
9023
914
915
917
920
921
9214
923
9235
925
930
931
933
939
940
9404
951
958
959
9595
962
963
969
973
9806
9834
9938
