10006
10094
10096
10116
10175
10179
10190
10241
10269
10282
10285
10286
10289
10308
10330
10393
10427
10438
10440
10447
10463
10466
10549
10600
10632
10651
10671
10797
10920
10924
10933
10952
10971
10988
11014
11017
11052
11154
11171
11235
11260
112611
113251
11340
11342
1147
114885
114908
128
1315
132
1347
1349
1371
1386
140609
1407
145389
1486
1633
1781
1810
1964
1977
1983
2060
2108
221037
22868
22875
22908
22911
22944
22950
23011
23075
23155
23256
2332
23480
23483
23484
23548
23592
2444
25797
25821
25843
259230
25926
25972
25978
25994
26225
26273
26275
26286
2632
2673
26984
26994
27020
27032
27069
27230
27247
27249
27348
2764
2773
2799
28962
28978
28985
29071
29081
291
29103
2959
29880
29887
2992
29957
29978
29982
3006
3012
3015
3093
310
3150
3281
3301
3416
3422
3459
3612
3682
3685
372
3799
38
3920
3977
400
4072
4087
4126
4189
4190
4338
4690
4694
4697
4708
4709
4711
4726
4801
4976
5000
50999
51002
51012
51026
51030
51071
51074
51076
51096
51099
5110
51125
51128
51138
51141
51143
51170
51184
51186
51187
51192
51318
51335
51362
51371
514
51430
51441
51444
51510
51542
51567
51569
51582
51660
51669
51691
51719
51727
51765
522
5257
5281
53339
539
54165
54205
5431
54386
5440
54529
54530
5464
54664
54874
54918
54934
5495
54951
54969
5500
5501
55012
55032
5504
55069
55076
55133
55145
5516
55179
55197
55207
55254
55256
5527
55297
5530
55312
55327
55454
55505
55669
5567
5573
55754
55791
55827
55832
55837
55852
55854
55858
55860
55863
55884
55892
5597
55973
5612
56180
5634
5683
5684
5685
5686
56889
5693
57003
5706
57092
57157
5716
5718
57205
5728
57380
57460
57665
57826
5805
58478
58488
58526
5887
5906
5917
5925
59286
5955
6049
60496
60559
60561
6059
6102
6166
6235
6342
6392
64083
64089
64092
64216
644
64422
64746
64747
64750
64854
65084
657
663
6637
6643
6674
6683
669
6728
6729
6782
6845
6879
6897
6902
6993
6996
7095
7184
7265
7295
7296
7319
7322
7324
7341
7411
746
7485
757
7752
7884
79072
79134
79577
79770
7978
80255
8027
805
81579
81631
829
830
8323
8344
8346
8347
8351
836
840
8417
84525
8453
8467
8487
84890
8491
8493
84981
8504
8520
8544
8560
8615
8649
8702
8706
8723
8726
8754
8766
8772
8803
8813
8850
8853
8883
892
8930
8992
90
900
9039
90411
9107
9197
9236
9255
9276
9318
9320
9325
9352
9354
9367
9403
9412
9419
9440
9451
9474
9519
9553
9554
9559
9562
9604
9616
965
9653
9685
9694
9748
9782
9801
9868
9871
9874
9978
