1000
10000
1001
10046
10061
101
10112
10164
1021
10232
10262
1029
10389
10403
10452
10492
1051
10523
10537
1054
1058
10591
1062
10623
1063
10635
10650
10691
10712
10721
1075
10755
10762
10785
10926
10928
10939
10946
10969
10981
11004
11015
1104
11060
11065
11104
1111
11113
11124
11146
1116
11169
11182
11254
11329
11340
11341
114908
115353
1164
119
1299
1302
133
1381
1410
1411
1466
1482
150094
1503
151230
1537
1660
1678
170680
1736
1761
1788
1802
1824
1829
1871
1907
1945
1948
1981
2001
2005
2019
204
2113
2120
2146
2173
2175
221061
2224
222663
2271
22808
22823
22877
22889
2290
22950
2296
2297
22974
22983
23028
23097
23160
23198
23299
2339
23397
23408
23468
23518
23530
23534
23545
23560
23594
23595
23601
23624
23630
23657
23676
238
24137
24147
2444
2491
2568
25825
2583
25830
25879
25907
25909
259266
25937
25941
25984
26064
26227
26235
26238
26255
26256
2627
2633
26330
26523
26528
26577
266740
26986
2707
27074
27097
27161
27299
2731
27338
2769
2786
2810
28231
284
2842
29062
29078
29088
29091
29113
2921
29761
29780
29799
29889
29899
29901
3002
3066
3068
30836
30968
3134
3276
333
3381
3556
3559
3570
3595
3613
3619
3620
3621
3627
3654
3664
3707
3710
375035
3797
3833
3839
384
3852
3861
3868
3872
3887
3897
3898
3925
3930
3938
3945
4000
4041
4055
4067
4071
4085
4097
4111
4139
4170
4171
4174
419
4261
4283
4312
4321
440
445
4478
4507
4528
4605
4610
4651
4678
4690
4691
4725
4783
4784
4793
4828
4864
4883
4904
4927
4953
4982
5019
5055
50649
50848
51050
51071
51127
5116
51186
51200
51202
51203
5129
51319
51334
51442
51458
51542
51575
51596
51603
51621
51727
51765
51768
5214
5268
5271
5290
5317
53335
53358
5336
5347
5359
5362
5366
53827
53905
54149
54210
54438
54478
54535
5457
5460
5467
54733
54801
54815
54971
55003
55034
55065
55117
55125
55127
55138
55139
55143
55144
55151
55165
55171
55182
55201
5523
55240
55301
55326
55353
55355
55388
55612
55630
55635
55732
55753
55754
55765
55771
5578
55794
55795
55806
55816
55833
55839
55872
56033
5606
5610
56130
5616
5646
5653
56833
56901
56905
56910
56938
5698
57110
57132
57180
57348
5754
5757
5806
58528
58529
586
5886
5918
5927
597
5984
6017
60487
6117
6206
6241
6271
6273
6277
6279
6280
6317
6338
6352
6355
636
6362
6372
6373
6383
64108
64121
6422
64682
64699
64771
6484
64858
64866
6513
65243
6608
661
6624
6648
6663
6664
6675
6696
671
6715
6722
6732
6741
6769
6770
6790
6829
6832
6890
6891
6894
6924
6944
7004
705
7051
7100
7153
7159
7171
72
7203
7272
7298
7345
7368
7371
7374
7398
7407
7453
7481
7504
7545
7678
768
7705
7804
7841
7850
78995
7917
79174
794
7941
79573
79587
79605
79627
79649
79746
79801
79805
79832
79915
800
80115
80204
80324
8061
8087
8092
8099
81
8140
81577
81839
8190
8200
8208
8260
8318
83439
83461
8368
83737
8428
8438
8439
8444
8453
84617
84830
8492
8496
8497
8533
85377
8543
8547
8549
8566
8570
8601
8632
8645
8662
8685
871
8710
8715
8726
873
8739
8780
8785
8795
8796
8804
8833
8836
8842
8847
887
8872
890
891
898
8985
8986
9055
9076
909
9095
9100
9129
9133
9146
9156
9181
9200
9212
9229
9232
9235
9277
9333
94025
9412
9419
9420
9444
9466
9532
9557
9582
9603
9641
9654
9656
9688
9721
9787
9790
9797
9824
9833
9869
991
9918
9928
9933
995
9957
9966
9991
