10057
10079
10202
10243
10247
10267
10397
10420
10424
10434
10451
1052
10529
10565
10609
10885
10916
10974
10987
10994
10998
11001
11145
11236
1164
12
1280
1345
1365
1537
157680
1580
1733
178
1811
1847
191
1917
1936
2013
2194
2217
224
2261
22827
22882
22928
22977
23144
23158
23167
23212
23246
23286
23471
23513
23678
25788
26047
26353
26471
2674
26986
27067
27092
2731
2739
28957
28958
28992
28998
29028
29088
29803
29842
29902
30833
3291
3303
3315
3485
3488
3612
3646
3875
3880
444
4477
4601
4609
4683
4693
4753
4778
4886
490
50626
50865
51001
5104
51101
51110
51123
51160
51337
51340
51366
51451
51526
51582
51606
51760
5178
5217
5245
528
54361
5440
54407
54512
54845
54898
54968
54979
54994
55005
55039
55074
55093
55156
55163
55224
55284
55353
5538
55450
55630
55638
55656
5569
55766
55859
55861
56521
56652
56943
56994
57228
5747
5825
5828
5862
5885
595
60436
60481
6132
6156
6182
6224
6227
627
6322
64087
642
6478
64798
6482
65263
65265
65986
6611
6652
6713
6788
6873
6917
6921
6926
7013
7138
7163
7227
7336
7374
7381
7494
753
7534
7553
7564
7704
771
7802
786
79026
79139
79170
79570
79602
79624
79666
79752
79848
79933
79977
8000
80223
80746
81034
81490
81539
8165
8323
8416
8556
8608
8614
8667
8733
8800
8836
8895
90355
9120
9134
9166
92140
9240
9455
9459
9536
9650
96764
9684
9687
9694
9775
9791
9821
9897
