10067
10158
10228
10262
103
10309
10370
10451
10456
10472
10623
10638
10654
10669
10712
10765
10899
1101
11243
11266
1130
11311
1196
1314
1382
142
1528
153
154796
159
1939
1942
1945
1950
1960
1997
2029
2052
2053
2058
2099
2224
223
2239
2263
2271
22874
22920
22926
23126
23158
23219
23248
2330
23362
23385
23528
23623
253461
2571
25778
25782
25790
25874
25893
25896
2590
25936
26018
26092
26097
2625
26298
26750
27005
27042
27101
2717
27173
27246
27250
27252
27324
27347
2752
28956
29068
29097
29108
29922
29956
29957
29989
3140
3192
3212
3216
3572
3608
3664
3703
3707
375
3790
3964
4129
4148
4170
4194
4259
427
4486
4580
4582
4602
4604
4671
4680
4720
4931
4942
50717
50848
5087
51018
51022
51027
5108
51093
51094
51097
51107
51133
51205
51377
51430
51506
51603
51742
51768
51806
51809
5202
5205
5241
5304
5334
53340
53832
54344
54499
54502
54583
54682
54704
54856
54953
5498
54996
55103
55105
55127
55157
55204
55249
5525
5546
55585
55607
55699
55705
55732
55733
55746
55758
55793
55827
55893
55974
5664
5692
56997
57111
57147
57326
57645
5824
58497
5877
5929
6016
6038
6051
607
6097
6252
629
63898
64216
64222
6464
64699
64746
648
6505
65123
6523
6635
6662
6675
6726
6738
6746
6894
6905
6944
7031
7100
7107
7159
7188
7203
7227
7257
7286
7481
7678
7779
7818
7832
79098
79577
79590
79679
79838
80232
81609
824
8309
8407
8443
8470
8476
8560
8631
8674
8703
874
8751
8799
8804
8934
8991
9
901
9019
90806
9120
9129
9181
9191
92342
9411
9453
9497
9557
9576
9588
9673
9674
9725
9804
9816
9823
9826
9857
9869
9877
9898
9917
9926
