1005
10103
10125
10158
10312
10406
10439
1048
10553
10742
10884
10916
10923
11001
1101
11098
11122
1114
11153
11277
114884
115123
1152
12
1345
1360
1471
1473
1548
1555
1602
1643
169611
1796
1846
185
1893
1917
1952
2026
203
2099
21
22858
22875
22930
22977
2299
23043
23052
23066
23657
23682
2582
25859
25864
25994
26035
26119
26999
27247
2729
27290
27324
2743
2745
2762
2769
2820
2872
2890
2891
29106
2923
3006
3017
3087
3098
3162
3249
3547
3553
360
3655
3706
3760
4036
4041
4071
4128
429
4435
4486
4680
4784
4886
4889
4905
4915
4922
4925
4929
5002
5003
50855
51090
51092
51103
51110
51143
5122
51232
5129
51310
51313
51367
51368
5141
51599
51741
5265
53
5304
5327
533
5349
5362
5366
54
5420
5423
5446
54530
54681
5537
55614
55650
55890
563
56521
57134
57586
576
57626
57795
58473
5860
5932
6252
6272
6324
6398
64116
6416
64215
6478
64780
64866
658
6583
65985
6720
6744
6787
6812
6898
6947
6988
7031
7033
7076
7200
7262
7434
770
783
79624
79689
79750
79767
79796
79818
79901
816
8309
8334
8343
8346
8347
8399
8402
8490
8534
8540
863
866
8671
8693
8857
8867
8969
9
9028
9135
9201
9209
9254
9261
9415
9518
9528
9607
9751
9788
98
9863
9915
