1001
10124
10252
10253
10321
10351
10406
10562
10563
10633
10647
10763
10826
11001
1101
11095
11096
1113
1116
11188
11197
11211
11252
11341
12
1264
1288
1308
135138
1381
1620
1672
1734
1811
1848
1908
1952
1958
1960
2069
213
2135
2152
2244
22977
23224
23261
23336
23650
23678
23682
23767
247
2568
25891
25928
26053
26289
27190
2824
29068
2920
2952
2982
3202
3248
3263
3371
3400
347
347902
3489
3512
3615
3667
3673
3698
37
373156
374
3815
3852
3861
3866
3872
3909
3914
3983
4036
4065
4129
4147
4246
4250
4256
4311
4319
4435
4501
4601
4604
4629
4638
4736
4804
4884
4915
50805
5104
51050
5178
5179
5265
5268
5304
5327
53832
54361
5446
54886
54902
5493
54997
55107
563
56339
5649
56892
57144
5744
57535
5764
5859
5932
60481
6133
6135
6160
6188
6191
6194
6202
624
6273
6376
6422
64921
6833
6863
6898
7031
7033
72
7358
7366
7373
767
7704
79365
7980
79971
81563
8190
8324
8424
84986
862
8626
8788
8838
8842
8857
8864
8910
89797
9073
9077
9201
9231
9252
9452
9466
9547
9627
9651
9687
9723
9737
9882
