32
54
116
190
249
321
348
360
366
472
586
608
640
643
645
683
753
758
794
841
847
864
909
910
911
913
915
916
917
925
930
931
940
945
946
948
950
951
968
969
971
987
1020
1070
1084
1088
1114
1116
1117
1118
1178
1215
1231
1232
1296
1359
1380
1386
1434
1436
1441
1497
1511
1513
1521
1536
1540
1678
1690
1838
1844
1846
1991
2012
2015
2130
2162
2167
2168
2171
2204
2206
2215
2230
2239
2302
2313
2335
2357
2358
2533
2535
2581
2624
2731
2760
2788
2952
2975
2978
2999
3001
3002
3003
3006
3067
3112
3117
3187
3248
3280
3382
3493
3500
3507
3514
3535
3560
3568
3577
3579
3588
3620
3676
3730
3757
3772
3804
3806
3807
3810
3811
3812
3813
3815
3820
3824
3897
3915
3932
3956
3988
4001
4013
4035
4051
4058
4070
4086
4094
4129
4199
4208
4210
4213
4214
4297
4311
4321
4332
4352
4353
4360
4481
4646
4647
4676
4747
4775
4776
4818
4940
5108
5133
5142
5244
5341
5368
5468
5527
5550
5553
5598
5616
5730
5739
5742
5783
5816
5909
6036
6095
6117
6201
6203
6229
6236
6283
6328
6346
6349
6354
6357
6362
6374
6375
6447
6477
6482
6489
6565
6571
6583
6638
6689
6819
6886
6904
6955
7050
7057
7060
7177
7253
7294
7332
7430
7535
7704
7857
7903
7972
8115
8277
8287
8291
8347
8362
8398
8556
8566
8567
8604
8645
8675
8685
8772
8778
8794
8821
8832
8851
8867
8972
9019
9023
9057
9332
9398
9429
9452
9484
9562
9586
9632
9760
9779
9834
9848
9895
9920
9956
10000
10148
10257
10288
10299
10417
10462
10521
10533
10538
10541
10557
10563
10578
10585
10598
10693
10730
10772
10803
10855
11047
11057
11098
11118
11225
11278
22846
22900
22905
22914
22918
22990
23015
23045
23059
23166
23177
23178
23223
23348
23428
23462
23601
25842
25976
26064
26517
26577
27074
27086
27087
27099
27306
27347
28216
28945
28986
28988
29071
29760
29851
30835
50486
50615
50943
51312
51338
51348
51531
51651
51760
53335
53343
53637
53918
54436
55269
55274
55278
55350
55423
55512
55729
55758
55975
56225
56239
56301
56937
57105
57122
57419
57460
57496
57535
57553
57876
58487
58511
59307
59340
60468
63892
63901
64170
64231
64499
65010
79009
79083
79368
79630
79833
79866
80012
80022
80342
80833
81035
81501
81544
81562
83696
83716
84706
85021
85386
91355
92595
113791
114884
115353
115653
116828
144501
202134
246111
246126
246721
254251
254531
259230
283650
285527
339005
339524
441155
652848
729230
732168
100132285
100133046
109731405
