4069
5552
962
51316
1075
9595
939
3123
3394
2533
2124
5880
6352
3122
3119
11151
3512
91353
951
3575
6039
4283
3117
27299
963
7805
2207
7852
3689
3059
2123
1520
5341
64092
6355
713
3587
51816
7351
3115
10875
712
2745
51338
241
11040
3001
3003
915
3669
9938
969
1043
914
3702
6402
11184
1236
27074
1880
9214
26191
50856
4818
64919
6363
9535
3071
3683
2313
925
5551
60489
474344
942
8477
9262
10288
91543
6890
3135
3620
5698
3134
3133
3106
9246
6772
3429
5996
8519
5696
3437
10125
9636
6891
4599
10964
55601
4939
3600
54739
2537
3659
3458
1776
7412
4050
3002
973
972
10563
4067
330
25816
5734
729230
6387
51237
3113
64231
4689
7133
6362
3109
10437
56833
3128
4688
6348
7941
9332
6648
7453
3126
8942
7128
7305
3108
1436
629
240
3936
1512
1536
5265
54440
3055
2219
1675
30835
54855
952
1794
4033
5579
80342
3957
7940
199
11262
695
55340
716
730
1438
919
917
4068
10225
29851
3112
3820
3695
26051
120
924
6366
8875
5790
834
971
4066
11025
10791
55303
23228
6414
81030
50619
387751
54923
3627
9235
6373
10578
9404
2209
9056
7462
6775
11006
9447
2359
2833
2999
8685
6357
5721
10346
5920
80833
10261
51056
79961
54518
83593
80709
5777
714
6001
10870
58475
51296
257106
5294
26157
10320
219285
64098
441168
115362
256236
259307
30061
10507
81704
353514
7318
10068
3433
255231
9619
3635
9450
27071
57823
118788
84433
5336
7454
114836
10537
4938
10148
64407
8638
2643
94240
10538
51225
51284
4973
27128
113791
53829
6688
84803
203328
11309
374403
5583
92241
54900
11320
100131187
286530
64135
3430
3665
717
9476
3107
3125
3120
2210
3824
3902
28874
28896
3111
3904
3805
146722
89790
10990
26270
8743
83666
168537
217
3560
2268
149628
51311
2517
54502
7538
64005
128346
3136
115361
414062
64926
8676
79895
160364
3543
4242
56990
10170
170575
10866
27334
2203
114614
160365
89846
118932
51703
154
202309
57552
155038
55840
9050
221472
9560
1318
1050
9806
147463
126306
84969
51755
654817
10800
260436
115352
57172
430
376412
387841
400759
79037
