2066
1301
56521
8614
4137
54829
4602
54463
2263
1746
5507
6424
57535
1047
131578
23362
79718
10234
4291
7042
1287
6566
4322
6662
18
10742
89927
4950
1266
4148
9410
3303
79901
129642
26053
7020
23158
2192
7358
4646
79006
23428
6038
5792
79603
6450
7465
5914
7078
92104
80127
9522
3664
830
2746
51780
7130
36
821
1386
928
1942
8743
4832
4144
124152
124801
7162
55786
28978
51164
79641
6297
2767
6478
55435
64921
29946
57326
29989
6813
682
9601
9338
3799
4189
55764
59343
51714
22820
2317
23059
1627
54585
161291
5928
54839
5763
1384
8722
5033
51133
83481
9040
3609
55172
54874
1945
23030
58497
58495
55314
4814
757
55327
1452
1456
2530
7533
9236
117178
8553
29922
65123
400506
23271
7594
5825
51257
56929
81619
2747
60436
6184
8100
9604
55827
7485
65108
22911
6832
63931
5504
8880
3188
54499
3313
23091
5290
6670
5531
5062
56993
323
25913
55364
9782
9181
6272
5279
55623
4802
4724
27005
1182
813
6733
5584
22850
10049
1654
403
26128
55234
378
9581
51626
3192
1017
440026
10206
54985
9724
5830
1488
10314
27230
23514
538
1398
25978
8453
204
6745
81562
64223
6419
8799
56951
9950
6259
2553
9274
2631
25847
310
6500
23028
7050
55100
10295
64924
54505
902
51107
546
4780
26469
6421
5094
11018
1781
58517
57862
7743
3460
57117
55069
57665
60313
56674
9570
5981
10921
71
