1211
29960
6217
26986
10938
5042
5018
10109
55968
7375
6166
6631
11157
468
8662
7415
958
4141
3842
9489
55625
22978
10425
55027
11177
58517
64421
8202
79081
1901
8930
8837
5476
5467
5355
2058
51663
25915
9141
4521
10801
10791
23077
55803
4775
4242
56942
23210
22992
4217
23310
9791
79651
25820
2022
54434
84549
8914
23048
8514
51303
3455
51575
80204
1108
9669
8992
9749
1743
3431
80155
6925
6157
400322
1003
10507
974
6432
23179
382
79902
7450
7133
4094
2932
2734
7398
11202
4005
8445
55320
890
7295
100509558
3071
22900
2186
89845
1230
51
4860
11212
28232
55884
100507192
9733
1601
54509
4170
26112
3606
5336
7076
5360
65125
7128
4605
9043
963
11322
55303
10403
55840
6205
25840
971
54739
6635
55340
7035
23643
2348
9837
8507
4067
7150
2213
712
3384
22914
6503
6775
28755
6789
474344
5175
9169
2533
4033
7184
3992
57823
3587
4155
8826
5730
1043
9833
26051
3059
5579
84525
7026
51411
6169
6168
23157
9938
4600
3394
11065
10725
3626
8364
5341
8115
6366
55843
6772
11217
23013
4082
9535
6397
55024
1956
9332
29123
5079
5514
100290481
3575
3428
10964
3535
23231
26047
5788
332
28823
5450
