810
3936
1308
54544
3861
9635
6698
374897
6273
9638
50805
388533
5307
54922
8626
9651
5646
284217
387914
4826
1464
8745
3038
80115
3552
27065
2026
56901
6513
51129
2878
9788
6704
118430
8140
1012
10630
5228
5210
133584
6622
353322
4094
54436
23767
6256
3229
348938
6653
25914
53905
84648
56924
219855
56606
3755
6002
64359
6382
3099
389119
84552
29923
94274
8659
83595
83857
79148
79850
57761
56849
9938
53637
89822
1594
7422
26085
11221
54
23670
125228
6624
5275
404550
22824
57381
7136
5818
84817
2256
138065
64919
4783
100
3373
667
5358
340075
4216
114818
55857
1050
6520
57718
120071
6548
3265
80765
27190
59338
23566
5645
51460
23207
10683
1849
359845
9043
655
622
79183
8446
2760
2774
55346
6715
22911
1149
7692
5047
9949
84824
