554282
100128191
388403
285958
222166
493869
168507
29970
59274
94241
202243
135112
100113407
375056
11332
157313
115294
151194
84961
129607
124152
51191
283431
91768
23657
220134
27338
81930
57761
80179
112770
200958
55635
114134
199870
28989
26227
5530
90834
1503
79000
4141
1058
83729
8847
2258
57189
54800
4605
81610
79866
3835
6790
79469
7718
55355
2887
2617
54532
84108
3161
27074
56935
23406
84376
25912
10733
6240
57535
91543
440
3627
129401
2055
8334
8649
9319
18
8140
10202
23213
83540
9517
84722
5366
10572
7112
23024
9787
7581
6662
753
6541
7371
214
3437
10457
5106
55247
9212
5241
56829
84617
9928
11004
7277
7490
10112
9700
901
8000
26147
83461
79789
4953
3554
11099
29899
22874
10024
10396
55187
84901
8082
11274
699
54478
5053
11217
22824
22974
8565
11168
395
991
659
10966
6472
22941
6510
355
5214
79762
23184
10087
5029
332
28966
55143
55165
1033
5347
7095
8548
875
8624
382
4940
890
8537
8638
8614
3428
983
7272
1054
11270
8534
23210
16
29968
6509
94240
100292463
