342667
3861
5650
6663
118430
1308
5803
25818
1828
3852
6898
11202
2893
3872
25928
8424
2568
5653
84417
8190
57144
2196
143662
5288
1825
3866
3854
810
149461
10647
23650
27190
100131897
8838
1830
54763
344905
10568
8626
3773
2348
28965
339855
6422
2173
79192
59352
5137
10562
4604
5764
152015
5284
11254
213
79645
389084
65989
84659
2670
4250
244
90019
5021
118611
9635
5268
8842
4909
286887
92304
23336
131177
148641
51050
3753
5266
9001
2877
3294
168002
72
9542
9378
387700
219970
653145
90293
83539
1620
8128
84239
5649
3547
10319
827
4588
1823
60529
2001
84951
10913
1813
286133
55859
3698
646
7498
9073
27065
90187
389432
55612
51442
2938
81706
1381
4629
57348
2705
2740
55503
218
3887
1080
3084
1672
260436
5596
246
399694
204219
362
53836
266977
130497
139411
23584
3356
26050
5304
2069
131096
80352
63970
112609
8999
26507
57451
23566
9413
399948
152519
256691
5655
11341
5212
55576
10361
728264
92737
79608
51302
2707
140597
3963
8492
79937
89822
642587
1394
53335
3400
6328
9333
4915
1288
5063
3512
2824
125965
415117
65987
460
85480
3199
57158
2709
3914
7368
3918
26289
3815
3779
1264
83690
25891
10331
64078
4316
1001
56477
3203
5317
6523
29113
1128
6331
6947
55118
2277
11095
1804
6327
1956
6326
253012
8581
146556
6376
221476
286204
7475
55287
400746
1116
7980
284578
9468
2047
114821
80034
349136
50805
2901
135138
3131
6263
6590
5314
11131
29842
399668
4804
57863
196996
1356
3798
9514
4908
4884
128553
6854
9058
7103
27087
84249
59272
525
361
23007
270
7087
54549
3909
94027
51473
117
121838
79785
84830
6340
23416
374
1259
4916
3202
9721
64388
3853
347733
2327
195814
9229
158326
2920
1641
5348
7018
388611
2949
25984
5010
2925
100126784
1756
9104
6366
338761
138065
4501
92196
162515
114818
347
60680
4147
7704
140803
5354
257407
3038
57834
6374
27328
2528
127294
1525
2899
2591
4233
146802
5629
100188953
54997
23284
667
122402
2525
3755
54798
140862
83850
166824
4638
79098
84856
145581
999
3868
222865
8437
6338
8538
4435
10349
64093
286002
442319
23127
91156
57604
284654
118738
55713
203859
23316
11005
5744
25802
55784
2774
284353
9071
93035
157869
10164
3201
5648
6542
134466
9077
148741
64344
6330
4081
55800
6332
79949
6273
2045
203111
163223
84101
116966
54756
9651
2246
1949
2919
10253
4038
196500
654790
338645
90865
22871
4306
2205
84171
643719
3787
6291
199964
150771
83857
122060
23114
8857
221806
121551
9227
2051
58985
80731
285313
577
7447
3205
6665
9481
440173
5243
57685
9796
6869
644596
84466
53832
728656
84709
84457
2921
283446
54511
83987
1180
1755
9671
1131
146433
6769
140578
284217
23349
911
54742
1950
54101
114900
1410
3776
5345
3882
4674
79628
554202
7044
8808
388815
4281
116379
3892
6285
1946
4499
79465
91653
10351
404037
80835
5737
9900
63827
100133545
154091
347902
126917
114907
4781
2620
4902
164284
9628
5521
8324
55214
2312
23321
9469
8854
26298
2254
56977
8913
1139
3200
80816
30820
306
3783
1002
5727
79971
56963
5915
284467
135932
79442
4440
2247
9723
4311
57447
135293
137835
133121
5178
153572
7113
5627
11185
91133
55806
5743
56776
5918
84668
10242
91522
4493
4500
6751
22915
57596
80332
201501
10891
388610
84441
4256
57484
2118
145270
56849
387640
63923
64129
387590
59
8515
11240
339965
11096
660
84281
81029
79817
3204
222389
144423
343637
10124
56113
9182
23493
196968
1827
63934
345274
6296
147463
83988
50649
8436
29986
645369
79616
27151
7173
340596
2679
401190
2645
23504
11251
1010
7754
284422
171024
158399
4684
6261
10752
84707
4222
93649
8456
64506
388115
64409
744
541468
3699
688
2296
58499
79365
9472
11170
65983
116969
3696
339416
9452
26232
2903
94274
7022
51200
8641
2735
353091
399959
92211
121227
5156
10290
56099
320
9228
4212
9379
8572
646658
4093
8900
7225
5997
29968
3977
26045
1373
79987
152756
136
2982
9737
5621
58529
4239
10826
8643
27233
54810
340554
340542
80031
79054
130733
169834
7710
57507
1015
81578
221400
84913
8470
9783
7049
845
1465
83849
7148
7051
2139
4065
56130
401647
163351
220965
646405
83699
147699
2346
26167
4856
2159
154810
116535
3426
342926
374977
285533
10350
55026
64168
66004
100133669
100131814
6876
120376
685
23101
440695
55022
3953
57030
4240
8645
285671
6489
132884
2115
153769
3742
4053
2152
84870
259236
219539
9388
148418
23205
54947
2195
4223
5578
5327
220
84645
4241
27122
27295
5239
84302
1573
7373
132671
55107
358
4353
249
51232
441631
135295
23148
7025
80206
286097
441869
9848
89797
79745
79755
5321
5154
10936
10644
163259
401237
1824
4139
9037
10566
115572
3489
7484
57595
139599
122481
3680
1006
285676
54674
8835
83394
5295
10763
389337
51285
119369
84837
230
6304
4133
3908
64067
94030
347404
222698
57664
84502
79762
3673
53826
91975
56109
29091
6932
57393
159686
60468
9627
158866
79642
10205
64221
9715
81616
7102
3691
6345
54660
401535
6447
55613
390
285154
5784
55084
340543
775
4071
8793
9903
10004
28514
57161
56967
2487
6591
27303
11107
3316
148808
59342
85449
2788
8613
5493
6622
27115
23318
387856
55370
7035
56129
7068
135112
147495
158471
55349
120
84217
57561
340156
8404
53637
84054
7091
493812
64283
2934
347746
143689
10512
283807
4660
7275
482
89832
114928
57478
2
301
23461
116159
30845
133584
3655
154661
22925
1183
57716
388335
8082
5587
80055
143903
81606
83604
79656
80310
4601
221061
55679
9843
10144
59271
51704
57553
55888
203522
2119
5325
54762
5818
8321
54532
153090
163702
55906
56606
7539
167691
7433
10516
253827
654466
64798
5337
858
59341
58494
56288
3675
8555
26136
6764
65062
55240
1363
284252
83999
57381
5311
10186
3983
23492
8425
7851
285203
1969
201134
9882
11178
83714
7105
85379
51312
64065
3590
57088
29841
51062
84962
55924
90634
25840
84986
161436
166647
23175
11099
84552
5890
64927
7691
23239
25976
9753
83700
90525
92
84909
57162
100190939
79627
1808
6840
23189
27245
79068
166815
51559
22881
23224
151516
5420
93134
10010
10413
116151
51386
28987
60485
23177
55294
29094
1102
5681
114883
146198
8824
