9370
3952
5105
63924
1149
286753
80704
2819
85329
56301
5346
5950
3240
50486
364
366
2167
26577
729
64102
125
206338
729359
375719
2865
30819
3580
152831
401399
948
29953
130399
3036
5140
1271
478
6356
4023
5207
79413
3458
10216
79981
3991
27299
7069
8995
5959
140738
4283
84649
6355
970
3620
200315
3101
1646
6348
7079
6445
203100
1237
29851
10990
152789
6373
165904
1645
400696
50852
8839
284417
27129
345275
4049
8744
201633
2358
3627
8638
2878
115362
225
7941
3290
6357
4826
137902
3766
941
388372
3559
6351
165631
6614
2359
5101
149628
597
4069
10993
2841
197135
4068
85479
54988
10149
11026
3552
3902
1493
344
79168
356
7480
23026
10655
3581
443
8076
259307
402665
1893
4973
100188949
338442
940
10225
8908
340152
10855
8832
8676
9034
2833
3586
160364
5148
101
1043
2171
8875
653140
51338
5341
6518
151306
5468
132332
64092
9308
129607
266747
728
11006
255231
124460
114614
22797
94240
11262
283897
5788
80231
339524
53831
4939
3437
57678
8639
3903
4481
50943
2273
717
27036
4938
10437
10643
197358
3695
5778
314
440823
942
100049587
8477
5698
54518
963
10288
3394
10673
971
2180
3937
944
84868
84541
1230
2533
1536
6772
284759
7805
10261
3606
2124
89857
2209
5973
1368
968
1520
1794
4688
54440
10219
6507
9056
3071
79930
3109
2214
51411
920
146722
139818
23533
712
713
1050
6890
567
128346
286336
695
10866
84166
10859
58484
80896
29992
4828
5552
118788
257106
2123
945
2207
719
3108
752
51296
64231
1240
100
3106
3105
80830
84519
9450
29887
2212
2512
80833
7903
54331
55803
54625
3988
55281
