29842
57447
200879
55959
11272
8884
260436
6271
3108
9175
9556
84650
1591
2346
55897
283412
5493
140686
9654
3068
92737
84803
10406
388115
56034
8208
245973
23321
6146
634
3294
255104
3866
725
63892
3122
84311
84266
115019
56477
5655
51451
362
84152
59272
23641
2173
9076
56922
84273
1117
3033
135112
124056
259266
722
101
728715
8437
2568
8326
794
389336
64078
9582
83988
1515
5284
220
84171
6279
6318
8664
220042
8792
192683
79095
10075
93082
2745
79605
10158
526
6667
135932
8202
58473
7097
25875
1615
9982
221002
93594
51611
3815
10644
116843
3689
337968
10125
11254
347292
961
9951
6663
56997
51727
6489
5859
79682
6291
23673
10148
9751
1381
8842
6136
51435
90853
58528
55355
117248
7100
11067
56654
1939
4241
3934
81849
57189
9849
51700
10568
1838
2926
1968
4057
3620
8685
57348
53917
128338
1673
767
79931
79092
64951
1652
54959
54149
51312
8876
83939
55076
26589
6280
2177
64116
8666
949
51806
200634
6590
116092
51650
8710
54763
90407
