6318
6590
6279
6317
3815
728715
56477
4316
652799
2173
144203
5284
200879
1672
9982
10568
3866
2568
9076
4057
25984
27071
597
3934
8876
100126311
100133941
29842
6280
6523
57530
8942
27151
1365
722
283234
5655
220
8685
10331
634
6291
101
10648
221357
84803
93082
9751
388115
54763
8645
79705
10647
4015
124056
57447
7850
3294
1515
10333
7851
3620
57348
11202
3783
83988
10406
1117
7113
25818
760
337968
146439
3880
8326
2627
392335
563
5650
6352
1906
1591
81706
54836
54502
8739
3868
301
124220
653145
3860
2651
6385
8581
1364
4982
2745
54959
10125
10158
8842
3957
116843
1366
10644
81849
51312
3854
54097
5764
64116
999
114569
1755
929
286887
481
10611
346389
4072
3784
4582
6351
3119
6663
1292
64332
4950
2139
1946
5652
4070
7096
9175
64108
171177
144501
55321
115019
6271
646282
11030
8710
112616
445
1999
90853
115572
6278
1827
8792
2886
100190939
3122
128218
152015
6001
5918
1829
55785
638
94234
23508
92737
2706
688
5420
79682
7097
139411
10290
7164
2634
146330
55897
8875
10276
3126
9582
7168
9792
244
3898
8470
64078
6398
152007
55607
152189
51435
767
163732
2940
200958
11010
79961
5142
58191
6662
124976
260436
23589
153562
79729
100130009
154043
10537
362
5292
64866
8631
7286
26230
79092
6288
5017
29094
57211
3887
57393
6768
221002
79098
5349
27111
7022
9951
1673
3728
1525
7039
56977
51700
8612
1543
6489
1116
4179
2012
10633
10148
154
55240
10811
200634
9209
2348
126755
79651
30813
149708
6382
5771
27113
116362
83543
58528
25791
57111
139886
652346
56963
2564
55076
23092
51176
54103
113675
23593
2296
1992
114769
2177
57730
117177
389336
64699
240
642590
53917
253982
123036
147798
669
51727
2065
4301
79370
84969
1191
9654
79605
135112
200316
2180
157638
730031
128338
64787
140686
8538
2161
8884
2625
10144
10802
1159
27076
1838
526
7430
51754
23673
8045
199964
26579
84069
629
57707
55277
55765
1081
127544
57110
64221
79931
92521
84152
81624
5784
254427
166815
158038
93273
311
6692
11322
23321
5194
4256
83540
10848
2527
2346
9912
51564
79660
6667
3033
50848
11065
5523
83541
139135
3689
27132
135932
3108
25841
58473
83937
10053
84057
9399
3600
330
2064
5502
6285
84958
9833
10605
6549
57146
7089
159195
55160
11012
255104
115273
57405
7163
8208
8837
23002
5339
57698
29108
9414
249
23305
9768
4891
84002
2049
3965
2533
79767
25801
58499
26469
113612
11339
6558
8030
26751
132158
7127
647024
8000
79095
8681
3321
51703
27106
1244
54874
8660
3005
64776
10755
9111
6241
55959
2120
84171
7533
57189
8481
113
10866
23303
245973
3171
125144
11123
63892
79745
7100
5427
55615
57153
8437
115209
148022
6906
56034
116844
11067
751867
79152
23530
51806
94134
151009
9220
2036
3344
64946
10874
58489
5880
794
4784
5026
55902
88455
116092
94120
6468
2633
7051
5606
79946
84864
23406
678
50617
51611
5121
8503
6894
1062
89953
5796
85028
21
64951
140825
1789
79962
83451
5920
7534
112703
725
5834
56905
55905
81871
51650
5493
961
10550
8932
92714
7581
153830
23338
55342
55304
26589
26047
6775079
2635
54972
64769
7272
51347
283229
2272
9685
54478
1381
9928
9849
9846
5635
84936
9735
25875
1500
10626
64077
1969
59272
64757
831
347292
125170
51442
83648
801
117248
1719
8767
55114
138241
166379
949
24141
7083
9615
1316
440311
11019
2593
83448
1230
4862
4603
219790
353131
6559
148229
9368
89978
5888
26986
9180
5307
266675
6006
5359
254863
3159
56654
9712
2280
5526
92255
4324
91300
55731
135293
53335
11156
54149
83939
5091
22941
130
7299
27352
11272
10225
10020
3643
26053
80271
3241
284232
6164
259266
117143
10009
114884
8540
10465
8785
130617
6208
147111
26010
890
2584
121053
51451
7545
3267
100288906
2305
541471
84798
10565
5029
220042
805
1968
26609
10998
144568
90417
115817
728675
11072
84311
2184
1476
1016
23095
11112
8634
641
54892
192683
9185
7227
7748
9205
26260
79912
54918
197258
2528
10403
10385
5027
643873
10140
9987
283375
92086
26520
54877
594839
127018
283927
197358
23641
84515
7153
983
4357
728115
2553
2171
5900
25897
6161
644739
4351
144581
10961
23403
81569
84274
90407
3111
1939
23764
126789
283412
81691
79635
79132
55753
27315
5859
5203
116447
5584
6035
317
81620
966
1870
10870
6137
197
391825
6229
28978
2963
26287
165140
4036
55143
27436
8228
80328
6284
54828
7582
6146
9227
3249
7262
84266
84650
54741
131616
55937
339201
8318
3068
55355
51657
128344
5460
6237
4241
926
152789
64225
4584
100130447
5887
56672
670
126003
9804
51251
55092
2926
10102
5981
8202
5201
25796
8566
122509
10887
10942
10036
23450
26791
3646
4701
57473
728666
114041
54461
55217
7692
4528
5423
6136
23199
8798
587
51085
1535
55700
54952
7444
54961
143662
3049
2592
9556
4723
23532
1508
118663
6170
84886
6369
9055
4711
22858
9516
54862
84273
56922
219595
100132499
2053
56997
79628
7468
5042
1604
6203
738
6167
9235
26156
51614
1652
6227
340273
51596
10133
1761
2118
9961
22864
409
622
11258
100129808
10444
26015
29085
80208
284358
3757
8666
170960
64855
6455
90780
2974
2692
11254
4736
138050
84908
138716
51031
124995
647013
3421
7381
27294
29081
51087
56998
6222
25828
23219
23163
58533
10075
51379
158055
152663
6191
84231
122876
4927
51642
93594
83394
23658
8031
9991
100129882
6157
23376
28973
642395
3101
728002
65005
4913
23239
729389
10084
254778
6282
646819
5092
93487
729992
677797
136647
285053
22893
6712
169044
9874
51121
10950
65003
517
221421
1022
55758
7703
153020
7812
513
1163
9883
653354
51805
6693
57456
23023
10241
9524
1615
653784
145814
4850
80097
391
205251
3603
23029
51592
54539
26091
84881
3885
6132
4841
648000
8664
653505
80704
5465
7517
56918
