6423
25769
91156
101927678
3872
163782
25758
2568
8076
344752
63923
131578
3494
102606463
4322
1556
10631
8735
642587
3164
8483
2151
4620
11122
6474
79570
2706
4886
4622
100288077
9687
285313
285386
2925
1960
340273
2669
7472
9096
3493
6910
2167
3481
100873408
56670
5746
6695
2899
1734
201651
3205
4311
64220
158046
386597
8038
8001
2353
1641
728606
5241
79953
3512
80332
6326
283120
8614
51050
161835
255480
64641
4619
5733
5996
9370
54898
3736
401164
400360
388336
3751
152110
100302666
4320
106480176
85409
106479119
401237
158326
169026
84251
2206
140766
145581
5099
342667
7080652
5396
9173
65061
6422
4857
81849
641312
144809
1958
140730
106481818
3235
11227
467
140862
26585
1038
2326
729177
64478
4314
106480458
7499
80731
2246
6913
658
1116
284825
149111
3694
51299
100873861
283673
6515
4604
150
6424
777
3491
106481127
203328
106479200
106480488
7130
773
26861
57758
731220
2191
64078
219623
5999
1264
257194
23544
25907
106480970
109729119
221662
727936
100874375
441376
170692
284215
106480888
3786
100130418
284680
5346
100420259
388815
84940
114784
2199
106480692
101927808
196051
171523
3748
57709
25878
3624
286753
9622
79781
645369
79750
2561
127294
815
5137
284217
6004
54796
4325
100288805
79776
51454
106480857
112755
54798
100873852
100131320
9560
79822
401492
10234
60529
3696
106479196
4313
8404
3480
57537
340706
2890
55384
387590
1490
114827
2696
4744
6063
57528
2115
5593
60401
84620
79883
57125
25925
50507
105373869
147429
106479357
10630
84084
285498
79365
106479173
138065
106481619
79160
27092
103504731
11174
7401
109729127
8973
158314
4584
2619
9162
5021
1462
387758
2295
56963
196993
148281
100130148
54768
100500862
106481812
101929196
8817
54596
29933
90288
503639
83715
102723854
153579
9722
56892
4316
104472519
4929
100874243
317687
64499
80129
343521
728380
3725
106480334
8091
100132116
55083
81792
440823
3914
5063
261729
80206
644962
106480470
341019
284801
7832
100420920
3976
106479527
10687
2103
4321
642477
79104
3667
105370154
1303
1300
100874051
388743
27202
100873235
107075319
222553
113220
145694
285489
123872
101928684
1513
100130178
860
100418905
56521
101928389
106480169
1296
79057
503637
106481003
10335
101926941
7162
91409
81671
100126791
106479368
5327
647190
100506721
29942
106478910
106481045
56920
3355
145258
106479362
106481677
7538
1959
3815
100270834
283547
10740
9658
153572
349136
1009
100506939
100874005
4137
89846
5328
102060414
106478955
3232
10290
79827
4920
100420512
100874433
8821
100462866
400793
106479127
100422238
106481858
8877
64332
646324
727758
100873853
84814
106481850
337873
106480952
23255
285590
154865
9386
100009613
107075265
106480974
10865
64359
56917
56167
164832
64506
103352539
4081
378832
106479129
404217
100874096
106480503
84645
109729178
30818
728264
170679
347365
9507
219731
1952
114088
105370526
100420028
100419989
106182118
106479492
1316
106480350
254973
106479162
677
106479116
100151640
345062
202333
106480680
4323
106481074
106480521
862
100128302
106479468
286444
54756
56964
152078
106481131
106480339
80128
106866913
645024
2828
8553
84898
51339
107075273
171420
100874373
106479229
107075097
255130
100418955
100874029
5209
100874431
93654
9407
79818
106481805
23551
100996876
337876
100874206
23030
85004
10815
106481807
106480960
4010
106479303
106480484
729101
100288122
161159
100131117
254102
102724224
86781
142684
106479028
160622
414245
118491
642776
359802
92565
169792
106479191
100874262
100874298
2086
7173
106479242
284083
106480896
2737
114801
54852
65268
106479282
1332
51466
106480985
23764
79875
392390
102902672
404550
7057
4810
57569
100885777
283208
104326055
106481040
388591
353324
54843
106480373
80164
285741
2121
100874199
7168
113451
83468
100381178
106481624
65249
100292290
105371130
106480739
1400
7171
4240
100873935
100313532
2231
100129029
729340
147650
79990
286207
100271141
728737
106480498
105371814
106481691
641613
101927546
728170
106480907
613037
106480999
100505678
55733
386627
100271003
56243
441478
100421579
387494
10395
106481673
728619
284252
30819
122786
100874529
80210
861
353174
4054
100128416
283212
100420503
92591
91404
106479105
767846
220930
100421353
140688
55096
83714
8552
9253
84307
132241
85446
5411
100101467
323
84163
6002
84268
