5648
213
730
229
1674
78989
63876
590
3990
2042
1356
383
366
8671
5340
3290
2823
55553
27284
10644
2153
91828
9104
93035
3858
3075
29968
2264
10319
3034
345275
420
316
6554
202134
8876
9515
8685
10321
653
151449
3081
677832
80323
28796
147372
2770
33
64240
7504
29119
144423
5101
100526693
53833
8110
5348
6865
84631
2628
3960
145820
2627
6335
51302
692086
10549
4953
134391
650
677824
84913
29091
10894
4360
4842
7850
712
101928694
3459
55366
10028923
4512
81027
57211
2936
7993
2350
727
7855
120892
4052
1286
100302743
4519
5111
7277
8727
6307
154043
6414
7429
8366
5961
873
7301
6519
9638
2517
9244
340719
140823
7184
83737
3613
84522
10682
8560
54913
145553
745
51635
7314
677775
23753
728556
57404
7386
6647
645
27346
3094
26519
967
506
26578
5465
7923
27089
4715
1347
1514
54148
54968
400961
5827
59286
6637
134492
84747
2896
3309
6713
10058
121642
84681
283820
6628
3156
7296
3680
10130
6921
5034
1337
9761
124512
4706
8624
6184
23420
11236
811
10483
1650
191
11161
2109
54543
5436
514
8409
10237
63875
51096
1327
4594
6048
84975
51374
3074
81533
51651
6711
5692
60491
3703
4258
533
1983
8799
3420
10956
3482
