23457
171019
729092
64400
213
245
115701
57538
130340
23431
140461
83734
22893
54828
90427
388011
148345
54994
60526
113763
78998
8912
823
863
285025
90324
6366
56477
999
1018
30850
1360
1474
1580
126410
1656
1852
1999
2035
2057
2151
2153
2167
91523
283742
2319
8928
2975
2997
3065
113510
11112
11100
3281
26353
3709
22889
85379
7071
3856
100271835
728554
10162
25840
26151
408050
64067
55239
56924
5143
57649
94005
8399
9677
8766
5876
83758
8608
284716
57142
8227
10736
29986
283537
283596
3431
414059
387357
93643
54868
84000
29896
10221
7296
7316
219699
51741
7730
7764
84449
80778
79755
345462
