113
241
272
341
348
55843
409
567
695
80183
79630
719
834
6347
6352
9034
9332
945
962
1043
963
8832
942
925
976
51816
11151
54504
1436
1075
1520
10659
7852
1536
1612
1794
2123
2124
2207
2209
2212
2213
2214
10875
2268
2313
752
23048
2359
2533
55303
79158
10457
3055
3059
3108
3123
23526
3428
10437
10320
3587
3606
3575
3689
3903
7805
3936
3937
10184
11006
4033
7940
9450
4067
4069
10461
4332
4354
4478
4542
4688
3071
10577
80896
26031
5294
5336
5341
9595
5788
9770
83937
6039
864
25939
64092
6402
6404
10019
6507
9056
11262
6850
6916
7097
7128
7133
10673
11326
7456
1514
