26191
5330
50856
3111
752
117289
5552
1436
945
713
714
712
1520
146722
3394
388325
4332
313
57705
8832
22797
1536
5294
11309
3113
3115
3122
3109
3108
972
64092
219972
7133
9938
257106
84433
64231
64098
8477
80231
3594
286336
221472
6404
951
3059
7454
4689
3689
83706
6688
4542
27128
79626
199
7940
124460
695
3937
5788
2124
3071
963
5341
920
54440
3587
1794
2533
10320
1234
6693
64333
10859
11006
2207
9056
3903
84868
7805
942
23533
139716
64926
147138
89857
54518
6503
3635
126364
27180
27036
968
3687
55803
719
2123
7456
10875
10261
10288
51411
89790
51311
6039
