1308
8626
3038
57451
667
4638
27122
4345
80206
5268
5021
2078
84951
72
3852
347902
2
9938
3909
83857
4855
130733
3084
11122
23213
3655
6273
79623
2268
2263
8714
5507
148641
3691
2621
1830
1012
91624
8614
6696
374946
4908
59
4129
4629
3275
1001
3861
4717
1296
253827
9413
10512
4674
182
81029
55901
5575
1592
57158
2202
11178
79192
1264
2690
400745
100128403
857
55568
29968
2817
56606
9289
8828
2781
25802
4909
1839
163702
26232
79750
114907
81539
57834
9651
116496
29970
5155
23114
7345
84552
84632
23327
5774
64283
3778
9899
54101
4739
255877
5358
79781
30845
4660
84617
22918
3673
858
6876
284348
1002
28514
27074
84953
5295
5154
84706
84417
7122
4498
4493
55366
653499
51176
80183
23231
3635
11275
54922
55107
7169
3883
1435
55679
8900
6508
2877
27190
84302
10580
2321
4242
23336
23657
26136
1825
2810
5638
5364
3553
9638
5675
647886
8771
1756
347733
4781
26049
5243
8455
3714
4496
8607
1466
10602
6447
4741
4495
374378
4490
4489
29775
23650
23005
1102
3675
2274
165
9159
5678
2730
64129
1620
9788
134359
5311
91584
89822
1848
4804
3688
1475
5621
224
3963
4953
4501
55228
7168
170685
8325
10217
153572
256435
10188
8727
81
7037
157869
342667
1826
7041
3500
57549
6507
9644
51222
23158
3628
25966
3556
56172
51765
6195
4005
376497
8323
6337
100133632
445328
81788
5376
57478
23682
2888
6261
6769
8140
5362
79746
10161
54436
375449
144402
2995
5627
3718
388630
4162
84465
57542
3915
4430
100131098
7984
112885
120071
5818
9619
167691
81831
26227
84830
9468
59345
4502
79183
66000
83690
2122
57718
11228
3985
55190
4141
7447
10398
11341
27303
2922
51474
10904
104
10049
474344
8544
8681
1301
358
3708
115196
51232
50805
9213
9783
70
9645
3566
11234
11332
389136
26002
1837
6510
87
30844
9848
9002
7057
200894
5228
23505
10019
8412
6578
26275
970
9252
4356
10797
54482
84909
89797
344887
25852
92
79616
29965
4053
1728
80745
85439
10487
6541
64393
10382
83699
79812
4494
5803
55349
65062
54997
9392
9762
94274
93474
79966
23516
8091
57829
80746
57168
10236
134266
116151
90293
9882
291
340393
4311
440
130535
3680
660
4143
51559
7871
57224
340591
5932
10203
5829
5925
2788
10150
55544
9875
10205
80003
7804
55852
366
1831
81558
8165
168002
6472
2583
116461
6622
441294
23603
113235
57510
8405
6867
3710
5998
83605
53836
79583
10763
9260
84626
79156
29063
201562
57553
8501
169200
1287
10381
28232
23274
128553
51804
5587
5293
4837
4012
54802
4233
8777
80177
4154
139562
9200
22801
153769
2319
2275
55031
26064
79657
55605
2617
329
161742
7126
1949
3096
9180
5538
9709
8787
5318
54742
26060
25902
379
55326
5718
121260
144423
84623
4851
4864
91775
58
56262
8611
833
3376
6560
84455
84856
80209
84707
138311
151011
84916
91252
55213
55646
56941
55624
3800
23098
84365
285613
5708
1736
129531
147339
1139
200734
7296
55847
56288
57122
9263
57799
9196
84280
22883
58491
54929
6464
2178
64115
84895
5208
10109
4796
3339
10296
5236
859
51768
4810
51239
9564
3276
55784
6723
26135
83879
9533
51645
2132
117196
53346
9731
9766
11149
57537
80324
57465
5984
25782
132014
57343
152992
2531
9097
22948
8572
8624
10213
5214
23266
4331
79738
11266
64781
253558
10885
9989
9958
2316
2805
55153
10514
9015
4677
84955
9791
29123
55197
652346
3459
81894
3431
64318
10576
4172
7706
7866
3831
23250
83547
4507
55975
7295
22904
197370
51776
6683
54936
5831
23160
1676
10979
6949
51477
79228
4791
55028
547
9529
10092
79847
5500
9844
6405
57406
150771
22876
1503
1729
10425
200845
5931
2230
4691
79745
1353
54726
5310
79602
26031
6747
54106
644353
10190
56243
66004
23230
10898
78991
145748
2091
79047
5134
84925
347688
3094
6251
122786
617
60678
84306
55180
51385
65124
23379
9331
23635
375743
10085
9927
55720
9189
10574
10575
8892
26229
7398
728577
8216
80179
140803
6837
22868
58492
1653
84340
3092
636
8568
10056
23431
9093
29761
8604
54801
7942
908
654321
8528
27086
3035
9922
7064
1113
84259
6749
5245
8846
123606
79921
54849
160335
8301
25850
7753
10494
159963
4522
87178
4780
23384
322
60560
751867
27077
1983
10989
54521
4302
3032
3611
56910
51528
54516
57704
8476
57572
55585
10061
3609
5713
27429
55666
25979
8636
54957
55719
115416
93380
6185
6240
23484
23012
10492
205428
23420
653333
2965
79447
50624
5690
5612
9491
170954
10274
10929
10638
57148
506
51250
11137
51029
2246
2339
9993
84246
5692
8399
79188
7317
9895
103
54675
533
2047
4673
8883
7818
6854
23597
9100
2760
1783
54820
23131
54880
