439921
285203
400745
221749
170954
256691
30818
94274
359845
205428
375484
65989
348013
11245
389136
131566
199953
342667
145407
85360
59352
150465
140862
154810
253827
157869
163782
123879
117581
121551
337876
340554
51768
161742
115557
219928
24147
81831
64359
167691
169200
120071
166336
112849
160622
144402
284217
90226
128854
26136
92745
27333
58494
29970
130733
28965
80820
57716
126669
252983
127435
199221
91522
129804
114088
114900
493861
79070
80206
388581
53918
92241
28514
50805
340075
84951
23768
128178
93649
55901
56548
91179
7456
5990
2331
128553
126374
51474
56265
28232
1490
170685
94015
7941
10631
1026
144165
130497
55384
22859
81606
79987
83871
54549
84709
160428
51285
63876
55714
3084
79652
4313
83700
55214
84251
57168
54922
8877
79827
7220
140710
10186
56911
7798
8190
23452
84417
29775
83478
4487
23336
6330
57381
4692
182
57060
64175
4915
55084
9651
1308
23237
23090
9260
6949
11030
84617
4038
6678
9353
5654
253738
25802
3691
10892
5829
10052
3400
8642
3572
406
5228
6785
9037
53836
8325
9119
27254
2195
5021
894
64283
710
9564
54436
54806
3779
5919
488
4242
5552
340485
571
10512
27122
29902
7078
8507
9788
84552
3489
27190
23705
51222
2827
84168
114818
104
1849
2934
55619
3977
114757
291
5396
84085
23650
5453
10335
7378
1410
25999
57664
2719
3265
8777
8727
10580
26086
54756
4837
5743
8829
10138
11149
57333
1762
7169
8460
57569
83643
3037
4162
64129
2273
2889
9955
813
1960
3339
9200
10468
667
4638
2995
54880
2131
9469
1809
8572
54510
80781
221710
5791
1910
10398
2077
2791
5118
25891
27086
6443
9903
26051
55679
3868
5178
5362
10018
6876
10435
57493
9871
83604
970
5317
5521
6591
57633
2004
2047
64061
2669
9760
11217
11122
25960
84141
6560
23187
84909
6535
23587
366
1466
4208
7145
8436
23213
55190
64091
80757
871
3316
6622
23612
2697
4804
5627
2171
2770
3931
9510
10979
11009
27065
72
4609
6929
11197
114880
5099
6478
6645
8406
84230
4129
9853
10000
25927
165
3383
3655
9452
9547
9938
10875
389119
390
3553
3915
5212
6769
6909
7431
8626
9244
9531
56895
57526
84935
785
1267
23635
25945
57616
1012
3963
5154
5507
6664
57555
64115
59
558
2034
2318
7057
8613
57542
79632
92
655
4885
25987
355
857
4681
4826
84074
800
1002
2121
4232
4897
5348
6497
6515
6525
83690
1947
3852
4629
6867
7447
8425
10389
3672
3680
4154
5168
7041
7049
9444
348
639
3861
3902
3956
4147
4908
9638
11000
54749
59345
79645
83636
649
2113
5311
5621
9645
1284
1298
5649
6510
6586
7070
7373
9754
1290
1294
1303
3952
5358
5915
6925
7216
646
810
868
1264
1956
2192
3569
3688
3909
4035
7075
55898
114815
1282
1462
1464
2119
3487
3912
4311
5176
6508
8434
8611
11007
27063
53834
54434
57631
84249
1001
1289
1307
1848
1959
3083
3485
3486
3778
3914
4803
4907
5098
5310
6507
8828
9509
9759
10630
25890
494470
