6578
23379
79192
55197
5362
1301
11122
9200
9882
11178
51765
3084
4909
10898
153572
26232
2810
2788
57158
117196
80206
55847
163702
50624
6854
134266
26275
2246
5507
26136
57829
23213
55180
54997
72
148641
7041
80179
329
3909
2888
858
4908
57834
4129
79750
3276
5268
3655
8301
57537
57478
84302
653499
5829
81029
1592
6195
53836
7866
2621
84951
112885
6876
5021
9533
84417
10049
3691
11332
56941
91624
11149
150771
9015
5208
4674
55107
152992
6696
84830
80183
25802
9844
1296
23114
9392
55568
147339
27122
25852
5154
83699
10638
51559
79623
4496
1002
10512
5803
51222
3963
80177
23005
9263
59345
5932
1620
2047
4345
130733
55975
11275
374946
2922
4495
113235
4638
547
2078
8165
5243
23131
65062
291
376497
2268
