120224
10538
3169
79838
374
56521
118430
5304
56892
7052
10551
9245
54843
55359
51280
9723
22998
1907
27324
79083
158158
92291
36
2203
80223
2651
10529
2066
360
51097
201895
10519
720
286343
4680
25805
388743
115677
5167
7033
2258
12
79170
6690
6307
7802
4602
240
222171
113730
367
2069
253012
7035
257068
346389
57460
161835
55512
219902
195814
3597
23555
1942
1501
26289
1382
22996
253190
55653
5570
255394
79646
84440
126353
29887
155465
9
30001
3875
81607
9411
629
7163
79679
57552
8614
54664
6319
7358
59277
6659
57535
10451
8564
55809
771
222484
5409
55173
6777
29126
54836
200931
5205
11221
643858
5618
8334
57580
94121
143098
102
6309
4071
1436
7021
4950
4214
83464
1847
3157
11320
5874
8821
57758
1356
23086
6461
3017
50862
8743
55686
94009
146057
91894
9914
399665
203328
6303
154141
130576
440193
55638
80303
59084
2099
202915
6286
51760
4646
223082
84000
23584
64073
80824
3248
54845
6850
9473
51088
25884
596
142891
150696
148362
3667
51427
5104
444
1894
146760
25803
1048
152006
79666
55740
54102
1811
56938
4300
84915
221178
7020
400451
9926
58
7465
4148
23043
26148
5328
149563
283209
1850
7105
79669
3418
58527
4137
27075
27237
374907
6376
124739
94241
7869
1360
26030
7042
399664
10509
10018
92400
6833
2194
64754
1734
9940
92565
90427
25800
55614
677
9069
643896
214
65986
2769
5646
10265
4124
6451
6713
81617
139322
5046
100130383
5058
6926
64284
7068
4008
54491
92840
84679
26996
26353
90557
653553
5724
221079
467
55733
9975
1528
51155
9633
18
9122
171546
10681
11161
57154
55313
8848
128866
11226
130340
127845
11257
57147
7031
55132
7162
7357
103910
9620
5603
4299
51201
55971
994
6277
144100
8370
57221
54626
4337
8945
26115
950
57669
5025
100133772
80758
1917
51809
124540
5768
23225
6776
11016
822
29799
6342
53407
334
7474
10564
10254
113791
10098
51706
26658
1718
56675
83657
549
6567
8576
10160
79644
3993
201266
84899
4729
5825
114327
113263
2778
64769
7084
5563
79956
6698
55068
10116
309
80315
10424
9689
5878
6038
79627
80221
8895
84293
55041
135114
140738
55002
387914
10068
10916
23600
5191
573
9230
54834
80318
2820
9819
167227
4088
252995
64087
10682
84708
1845
51701
155435
4800
23075
84343
6652
89765
6789
7117
84919
54464
221491
283
285362
91409
400058
222183
2764
55754
286144
60481
284485
10723
23001
23677
4841
22874
2746
55848
885
1955
2782
7009
11116
26994
57606
840
90861
146923
9569
388931
9967
152831
56204
159091
84952
83641
118987
3315
26154
25896
331
23382
5194
4036
57117
8349
130574
9635
7644
51397
2222
29934
9124
147179
28996
9501
55748
3925
987
54847
23008
81669
100132369
757
79891
26059
5819
1741
25830
5828
7494
2029
196527
340888
80167
93
84188
151126
11261
805
55103
57674
55552
286451
81544
7855
9743
2224
5836
2622
118426
89894
79794
57182
116285
64795
192670
84896
125488
7428
8073
51652
63933
57403
57415
118932
65084
80021
3799
83640
10475
23099
163
84966
58487
347735
302
23224
7975
9980
5520
60685
29761
57577
51071
28977
158405
339745
5241
93627
4087
9991
57544
400073
23204
3895
6272
9550
145282
60412
4925
10279
10079
3858
9802
9688
8784
22818
23443
5002
29948
51582
3551
23446
51278
51510
60558
2932
51573
114884
84191
63915
90007
100093631
8553
5445
8969
6809
1164
5093
7812
7780
94039
28958
57085
84888
340481
427
51495
9526
10026
8853
375513
64766
1397
79718
54432
3150
64386
284361
1027
8348
643336
283987
51726
60313
25998
10040
4585
27293
1500
27161
285282
9424
55793
89846
9960
2799
260425
1456
4194
25809
22875
55760
1069
79768
80227
126006
10981
134549
839
493856
22919
51362
1616
9528
83752
84269
115811
1122
497661
3156
80013
222643
199974
143379
11099
79639
147184
3416
23405
57472
128312
54676
3140
8345
51741
3480
5251
84665
7639
28956
126961
7098
57157
6119
4637
137886
146050
80255
7769
60686
5049
55268
148254
4488
4291
79991
79668
1891
740
8879
51531
143884
8658
56655
84923
256536
153090
162963
9256
54499
125150
9168
128710
9616
23550
11059
2530
11051
79007
29760
729852
54585
80347
51466
51093
80321
79145
286053
58490
11094
9748
10542
80012
81876
137964
54093
162979
7182
55161
2181
81533
6256
221806
196394
23522
10299
164
159090
6596
221443
83896
9482
10048
93973
537
55851
22838
9841
3613
7468
11101
23094
203523
1666
64084
63924
728532
9915
10809
51192
55145
25963
29796
729839
55625
5877
80854
64426
37
152185
115201
8914
83606
79443
6605
26031
26504
23326
23370
28951
57414
646780
7920
124491
139341
91526
121506
339500
54681
64792
755
29803
7515
7772
55709
54677
55437
65982
10873
55610
163590
54344
345757
2104
3840
54904
133686
55282
23786
6780
8266
23598
79858
7881
5309
55884
55146
3155
9166
255252
5879
5810
9382
80308
3543
11337
8545
55683
7770
7572
9217
84817
11199
387
51230
54566
10960
221584
375790
8976
23105
8887
4719
