214
221
222
784
1917
2081
2099
2166
2258
2267
2539
2582
2766
3158
3169
3212
3291
3597
3911
4211
4435
4602
5002
5241
5255
5446
5618
5777
5816
6272
6542
6545
6690
6698
6820
6833
6926
7052
7283
7474
7477
8362
8363
8600
8945
9121
9663
9695
10103
10298
10347
10538
10912
11221
22830
22955
23550
25803
26027
26030
26276
27075
27092
27324
28996
29800
30061
51088
54361
54869
54897
54904
55002
55502
55640
55709
55793
55890
56521
56917
57037
57221
58476
58986
65266
65982
79083
79085
79443
79885
80127
80212
80307
80736
81552
81607
83450
92370
92840
117854
128989
130888
149466
150696
154141
155066
158158
164656
222484
256329
259230
282679
283987
285282
286451
352909
