2203
23584
23225
8976
7033
54847
27324
143098
25998
22874
25800
1501
163
80303
55002
89894
5819
84915
5768
80221
59084
92840
3597
8945
7357
79838
5878
9245
1616
84343
3858
57580
1955
2746
26996
3169
4088
57182
822
92291
81617
5825
79956
161835
3248
55686
9550
202915
1917
7031
64754
64073
130576
51706
121506
23555
11226
79794
130574
115677
10529
5241
9382
5563
55848
11199
57758
23382
596
7465
55173
89846
255394
51097
127845
118932
340481
158158
114327
7869
11094
196394
79666
80227
3895
28996
334
497661
9411
79083
7802
1397
223082
79639
9915
90557
2194
51280
11320
27075
374907
94121
1528
22875
1811
388743
10519
23043
54626
10551
89765
55103
51760
94039
1894
222484
10538
55614
83464
195814
57221
9914
5104
9424
115811
6272
5167
51531
27293
9230
720
126006
155465
118426
7474
64084
23550
54677
79443
154141
6833
56521
83606
153090
203328
80824
57154
4602
3667
125488
54102
55625
51278
6850
253012
222171
55733
8821
6690
146923
25803
4148
11257
