400793
221710
285489
342184
169200
29984
92610
205327
65265
11171
389792
127602
114904
140707
151195
158046
164832
60481
124045
87178
137492
57486
23678
26578
85004
81929
51807
149175
113457
80781
163732
284454
91694
90853
157285
55969
79000
29128
80176
150678
79734
90411
64377
53838
1054
5979
4234
26278
64785
2812
57217
55379
54205
3156
9424
7494
2296
26054
1729
8986
56994
56681
8204
54470
84342
84617
29775
83990
28778
284266
65078
51202
54680
84823
87
23413
7980
51566
2013
22919
5366
9263
8416
8565
23076
771
5570
55003
7037
55686
4016
4886
10528
2553
8706
10189
4665
9818
5718
10312
7869
55813
7358
285381
267
7171
51460
28996
4783
10849
84187
9718
382
1407
481
23309
5010
4141
6897
6728
6541
10105
678
2730
6632
51726
8894
10652
3487
3717
7280
6820
23603
55244
25902
11098
3566
51388
5831
6319
84549
11031
1595
3091
7804
51018
7739
8140
23245
3796
64318
3429
1660
9989
10049
55183
84288
8829
10732
51083
2222
56942
3898
4552
5241
55132
595
1545
5316
5520
10981
9939
2683
5932
993
1952
55924
949
26010
5198
6478
908
10808
6387
55646
56902
3954
1509
3669
10492
4616
10458
645
5130
54865
55319
3866
6446
6990
9231
3638
23214
28966
54898
10952
2194
7466
60
51155
55352
79707
5104
5906
9687
3992
5174
54981
6520
29107
54941
51182
576
2175
51136
54962
5700
6428
25976
1997
25994
1039
2274
2539
4651
10785
4603
5292
23590
54928
1717
3705
6307
8974
9209
10446
760
5163
5305
9413
10425
3856
8882
9221
79697
7022
10799
23404
374
2288
6720
51010
2676
3422
6713
10439
1503
7031
9712
9933
29101
3949
5901
55239
2171
7164
29980
3419
10046
10436
7168
7278
8892
9987
10950
6427
7170
7803
29979
55131
28996
494143
