728294
100133941
441027
653583
286495
400961
100093630
220213
165215
255743
619279
29923
94241
202333
359948
65250
11342
376497
115548
390963
645431
132949
58190
155060
196513
140467
84958
642826
100131564
148398
163050
128710
23731
130916
81628
253832
387680
160418
389337
27352
51760
144699
126353
124995
89122
153222
152189
127700
93129
113791
283131
162073
90987
284459
146760
400073
201456
29116
80741
112476
285362
147650
53349
151525
440275
56271
114928
4302
146198
91894
64400
92421
100131096
54014
79156
50640
84311
26524
154661
57798
6657
80345
727916
150864
26160
3708
113263
90639
154313
284129
90317
288
79957
64061
83852
286254
55343
5095
8934
55972
7342
3169
645212
92922
124790
4891
9169
2319
5376
10769
7832
65065
3476
8019
113612
22920
5966
151354
7572
150696
1201
55040
6138
6495
8202
10156
8503
28970
8665
64927
2186
114796
5652
196383
54497
57291
151230
126231
6297
26048
1001
2690
23102
83742
286144
27244
4126
94134
253725
2969
1628
901
54741
1844
1942
1730
54910
7248
23637
7088
23410
440934
57035
84181
23213
79841
694
2535
51545
11254
8412
9439
128
55890
80263
25875
79738
55252
9936
10443
25957
3399
11046
54664
51292
55715
81555
3097
27113
79666
57221
7764
5867
7181
56204
84874
2625
5565
8870
57700
2908
1513
10307
51466
51646
217
79603
51409
638
84795
8357
51706
11201
83641
587
1408
2801
6445
10106
1153
4254
55667
55809
4077
9367
10983
23304
23503
2099
27198
51084
51185
57415
22838
57460
130872
1365
10014
10634
51366
84099
10401
55625
2145
9638
10724
56924
11123
26959
57504
9897
10569
23351
11163
22882
25837
56997
23598
27076
1459
27031
51149
5828
54629
55005
57763
784
1119
5342
10690
64342
84273
2066
5795
54464
54841
57610
868
9710
9766
26999
1573
3660
6414
57544
5936
7059
9590
10521
23559
84766
819
51250
9842
9543
10957
55204
55582
57674
80237
83693
9414
10062
57585
79932
1604
3073
2512
57198
83719
84851
5630
8848
9869
10379
56975
79819
84159
847
4233
9522
9821
55230
55788
57146
2852
2888
10608
23390
54874
64376
8816
9747
10087
51230
51526
55857
57127
1495
1826
3691
55608
84142
84749
84941
2043
2872
7043
8649
54894
80725
81539
9798
57167
7750
9619
51278
55876
275
8835
10677
26035
27185
5783
9686
10367
51129
8805
9569
51635
55332
57658
5332
9580
10559
23588
56965
57575
57648
64332
7741
10550
11030
23550
27067
57189
8495
9698
9813
51141
54621
210
1112
4070
11039
80230
140460
579
9891
10628
23096
64921
2059
9633
10057
57643
57669
90634
5863
6653
9682
9706
9743
10765
22834
57185
64396
84307
2040
9679
57182
79153
79661
585
4124
5934
23635
79664
818
900
2064
2065
3398
5782
9742
25956
51249
55251
400960
100506686
