6351
6348
6354
338442
5008
10409
6369
383
967
1339
9034
6696
10022
7070
4323
5996
3303
29923
3553
339210
2920
4360
4322
2919
467
3932
1026
9047
2012
929
28984
1601
10912
6385
4283
23179
29126
4643
1263
58191
8877
1958
713
8870
1154
101
7124
4818
730249
3123
3725
93978
64651
22822
7535
1844
7052
93099
3557
5209
1649
9046
3783
6319
388325
7371
714
23767
23646
9518
7538
54498
400916
8294
1266
2155
9619
6513
4000
7167
54855
1843
23166
10938
8531
338339
2867
7185
2584
23645
7422
84709
90637
3162
28966
10630
1847
712
26064
5236
23657
23428
84331
7076
415116
8111
10769
11172
8354
3575
90522
112399
81671
84868
171177
84275
1647
84803
3939
9500
290
4794
1846
7852
366
3726
5866
6004
124540
