123
290
383
467
712
713
714
817
839
929
958
1026
1154
1234
1462
1476
1522
1601
1643
1827
1845
1846
1893
1910
1958
2012
2078
2155
2159
2213
2309
2549
2697
2799
2810
2919
2920
3119
3123
3162
3303
3304
3383
3557
3617
3680
3725
4000
4239
4261
4283
4322
4323
4360
4794
5008
5025
5026
5146
5209
5236
5328
5553
5597
5641
5817
5866
5973
5996
6347
6348
6351
6354
6369
6385
6535
6643
6692
6696
7052
7076
7124
7167
7185
7431
7982
8360
8364
8553
8808
8835
8877
8892
8991
9034
9043
9046
9308
9518
9522
9546
9641
9732
9788
9797
9934
9953
10046
10062
10268
10312
10417
10457
10461
10493
10630
10915
11172
11186
11238
11282
11316
11346
22862
23049
23099
23166
23179
23207
23216
23428
23516
23552
23646
23767
25819
25932
25977
26054
26064
27033
27043
28966
29126
29886
29923
29947
29967
30837
50865
51365
51573
51586
54033
54206
54476
54756
54810
54855
55198
55339
55635
55748
55860
55917
56975
57020
57084
57458
57600
58191
59338
64174
64757
64943
65083
79632
79768
80070
80380
80381
80755
80821
81671
84002
84301
84333
84679
84709
84868
90637
91768
93099
93978
112770
116039
127281
128506
140809
145389
151835
157378
160622
161142
171177
196743
222171
259307
285590
339366
342667
376267
377677
388325
388595
401548
415116
642623
