8540
10678
8446
79828
90826
79635
51062
65062
8455
2734
283742
51493
152579
57721
8886
7247
26230
221785
158431
154796
647979
54467
84146
84255
64418
81839
23172
11196
399818
9061
4683
257415
10885
11128
79691
79183
10929
10196
79776
7561
4644
2965
144108
9911
23201
4773
84226
90
84342
55709
9392
7565
57343
89970
1959
2354
1134
5641
160428
8038
1278
1303
25878
131578
2151
122786
2737
4322
11328
360132
1490
23022
10026
57157
55752
57336
7414
1519
8863
27314
7596
55659
256051
10512
115560
57547
84102
134957
85865
65260
402055
64858
5738
79157
10978
79134
93134
8790
29960
55140
28990
166785
55794
27304
51163
2960
54931
7372
25917
55781
22954
55486
5130
23509
92370
26128
6575
90233
140838
55631
1659
9841
7564
85476
10269
51441
79753
54925
56681
7204
118460
55239
57121
390
51023
29914
7633
3431
84340
4236
9646
55291
387032
84317
8864
51531
9836
150737
114791
25998
9724
23169
1833
55216
407975
91893
6434
84135
7584
5519
284323
284349
54873
