147081
8448
653190
57105
92979
54064
26508
144195
177
2294
6939
284185
126567
84734
3373
84418
6556
402665
220136
90246
138311
348093
80094
85452
2563
389206
256329
129080
153579
730
63876
283870
37
57582
2057
57139
126006
8906
23113
9772
1725
2872
2580
54760
23769
1198
91355
80864
90353
55621
23192
8558
653635
374666
53635
23309
22838
29881
387885
92340
4900
8547
54567
7122
256949
51162
64411
2324
283849
4855
4858
57572
54540
91450
201191
84969
89849
339541
56654
2664
9130
6901
53917
7349
147011
56623
644165
8338
3911
7593
123096
84973
23263
5143
116828
1375
11209
79816
3640
51093
128312
440498
3043
55876
646074
5016
200186
9909
1032
57655
23381
23163
3266
57666
9026
100130015
10650
55139
7422
23108
286006
388730
221442
8531
8632
122416
400223
97
51629
3241
3303
3304
10603
4357
8360
5335
23117
6818
440423
6169
55657
51720
1051
147111
402573
9146
25988
5190
112483
751867
692224
400410
26502
7089
56897
127845
3017
3613
84501
6813
283991
387264
7139
387644
9094
729603
5129
728882
83591
150483
