644903
497190
414308
285590
342371
100101467
221395
390148
170680
29935
266743
94031
201562
65983
374977
11333
256949
246721
155060
163175
126364
118471
138802
196883
85329
134637
151613
60677
641522
192669
144125
132320
124274
51744
23705
254956
149111
147138
388364
81698
112849
27443
92483
219972
59340
117156
90317
195827
80714
57520
65109
58483
116337
29123
100133142
55904
114991
53833
115703
91851
26577
151056
138151
387893
26118
79177
89872
219541
80342
114548
5602
7455
10335
84981
55423
64321
7827
54520
83445
51538
91653
387695
64582
3047
56648
867
6095
148932
57282
9194
2357
6702
138639
25957
492
56969
3482
83714
3850
64864
1046
79972
4778
7143
51409
8891
10725
27
84561
9510
50944
9945
4325
10203
84691
6474
64210
25822
51105
23252
23597
8291
9406
54901
27342
55323
65009
27147
5998
1504
4210
55773
57188
55003
114898
146
4097
22944
84844
1947
51319
4915
644815
774
358
5175
84366
3344
4439
6938
11025
259
64780
54813
4664
84289
1673
5924
54739
56895
64098
79074
1600
23460
2520
9828
4026
57449
89801
6404
6865
9125
2889
9016
5467
55119
83989
84457
2592
5271
79706
4542
9697
5396
84225
57125
56833
83875
84067
1234
1310
2054
5003
8174
2268
3426
719
6617
2835
1783
7038
11105
83661
115650
83937
8569
29072
1893
3630
23049
55270
8496
8736
80112
444
1370
10677
79026
3803
7408
112802
5080
8128
23120
8233
51061
84181
2658
2701
9900
8418
11272
25780
27245
51225
79664
8635
23211
80215
80273
84935
671
1839
3725
79864
84804
2147
7091
79933
3765
6284
23543
64172
79626
1427
2744
9774
10973
79772
84524
1464
1747
3274
23380
54472
3235
5337
7335
8676
9663
55867
5565
6322
10644
84129
10092
10849
3995
6355
9628
2212
4741
5145
7378
8061
8861
9095
55727
8832
10881
11221
79904
91624
3316
4621
7307
11193
9379
23433
55243
1208
22873
2802
2999
3700
10060
11158
27308
55186
2326
2957
10124
23187
25932
3024
10157
10180
22902
55096
55704
80161
2246
4188
4520
8396
8785
8807
10951
25758
55214
238
650
1187
2781
11251
23099
23166
80184
338
7018
8476
23360
51299
4306
5126
8091
9360
10316
11314
22925
84162
85282
2981
6386
7273
7781
8110
8718
10910
51267
2037
5063
9811
23416
79160
80256
2196
3684
5371
5549
7291
23581
27287
79823
79848
80326
85313
2119
4649
6672
6687
7766
8620
11010
1879
4607
7813
8277
23035
79809
2134
7130
51285
54507
6595
9762
10928
79148
80314
85301
5260
8558
9084
10940
29920
51214
84056
2186
6607
7799
8460
11183
54891
80205
1418
5387
7369
10148
22861
27333
64771
79839
711
1294
1302
2827
5534
6276
8547
8710
55763
83861
84680
860
4771
4908
5460
5542
10085
29065
55236
55697
64091
3310
8470
23533
55691
55757
83869
84451
155054
388358
2114
3269
6586
27303
29057
29915
54467
64859
84976
89796
1500
1943
2242
2350
3680
5598
6591
7809
9659
29931
1836
2354
6935
8555
8829
22870
22899
29062
55211
55320
55901
84688
6274
8545
9943
23539
23541
55771
65981
26
443
11250
25956
51298
100133920
