688
836
896
934
956
1466
1583
1978
2146
2189
3014
3040
3589
4015
4068
4172
4277
4781
4784
5111
5427
5775
5887
5914
6241
6929
6938
7083
7298
7431
7703
7913
8061
8289
8412
8462
8701
8862
9134
9567
9575
9582
9683
9887
10979
11082
11113
11270
22874
22901
23432
23521
23741
25896
26523
28996
29128
29843
29995
51015
51435
55165
55355
57507
57616
57706
58491
63901
64430
65057
80824
81610
84668
85444
90427
114884
116151
116987
124222
124976
134265
140699
149420
150737
152992
153768
167153
171586
200315
204851
337876
339479
374920
388341
401196
