48
59
147
158
238
273
291
395
440
558
586
627
658
685
835
840
871
891
1013
1123
1281
1381
1394
1404
1429
1459
1491
1601
1758
1762
1806
1808
1844
1909
1943
1947
1978
1993
2030
2051
2070
2191
2192
2303
2586
2624
2637
2674
2743
2752
2790
2824
2894
2922
2935
2995
3009
3131
3149
3364
3376
3423
3433
3485
3486
3488
3556
3594
3754
3925
3992
4016
4017
4038
4046
4082
4124
4176
4192
4232
4249
4325
4487
4678
4747
4830
4833
4851
4889
5028
5080
5099
5100
5137
5153
5159
5176
5209
5274
5325
5327
5335
5347
5427
5475
5569
5608
5627
5648
5732
5798
5913
5959
5997
6091
6096
6236
6241
6297
6304
6374
6387
6443
6495
6502
6536
6557
6563
6594
6604
6608
6723
6742
6785
6921
7060
7130
7216
7221
7272
7368
7436
7485
7779
7786
7852
8140
8194
8404
8439
8458
8460
8463
8483
8516
8537
8607
8613
8708
8715
8819
8840
8905
9145
9212
9324
9348
9353
9355
9374
9452
9510
9647
9687
9823
9902
10024
10203
10234
10405
10424
10461
10484
10491
10497
10625
10655
10797
10799
11030
11082
11173
11335
22843
22856
22929
23046
23179
23220
23234
23321
23462
23467
23531
23657
23711
24145
25875
26040
26052
26271
26508
26575
26585
26953
27116
27122
27123
27293
28954
28969
29063
29893
30015
50515
51379
51435
51454
51512
51560
51762
54331
54408
54510
54518
54588
54806
54829
55052
55117
55203
55521
55535
55789
55959
56648
56701
56899
56956
56963
57026
57381
57412
57631
60485
64084
64172
65244
65975
65991
79070
79071
80712
80823
81611
83463
83879
84144
84706
85004
85015
85358
85365
85455
90161
91526
91851
94081
94084
94097
114088
114788
115908
117247
130497
133022
133418
133522
134728
139221
139411
143686
144165
151246
151648
152007
192134
220213
221527
253512
257068
266727
282996
283248
284406
285313
317649
342667
359785
374618
374654
389792
