29
101
195
202
211
217
239
269
270
301
302
306
307
310
311
360
367
384
421
443
613
639
654
683
726
754
796
797
814
831
857
858
916
928
956
960
961
978
987
1003
1012
1026
1124
1134
1285
1295
1296
1318
1326
1363
1364
1365
1396
1410
1413
1437
1440
1489
1490
1525
1534
1643
1733
1774
1832
1838
1855
1893
1969
1999
2012
2050
2053
2100
2150
2181
2185
2213
2246
2317
2335
2530
2533
2572
2582
2591
2633
2644
2650
2708
2797
2803
2810
2833
2907
2934
3004
3029
3075
3082
3169
3290
3383
3428
3487
3489
3491
3528
3552
3553
3557
3588
3597
3604
3625
3655
3656
3669
3674
3675
3690
3691
3695
3709
3710
3728
3747
3768
3784
3801
3861
3872
3902
3909
3911
3914
3918
3920
3954
3958
3983
4012
4053
4054
4060
4084
4092
4125
4210
4259
4301
4314
4322
4438
4599
4642
4681
4772
4814
4891
4907
4925
4950
5025
5074
5155
5166
5168
5214
5268
5336
5364
5445
5493
5530
5580
5613
5619
5639
5738
5742
5779
5791
5795
5796
5827
5872
5874
5881
5900
6094
6271
6279
6282
6284
6285
6303
6324
6354
6361
6373
6385
6448
6454
6519
6532
6584
6698
6715
6744
6768
6793
6809
6820
6821
6892
7004
7006
7016
7039
7048
7052
7057
7077
7100
7124
7163
7164
7168
7185
7262
7286
7294
7402
7414
7421
7464
7480
7481
7498
7504
7832
7871
7881
7984
8309
8323
8342
8347
8394
8412
8459
8515
8567
8620
8650
8673
8703
8705
8807
8809
8810
8821
8847
8870
8878
8901
8916
8999
9026
9050
9052
9144
9180
9215
9245
9256
9258
9368
9414
9445
9472
9509
9522
9619
9641
9690
9734
9788
9901
9910
9980
9982
10008
10020
10089
10105
10129
10133
10156
10170
10232
10266
10279
10318
10331
10347
10396
10397
10406
10418
10507
10529
10561
10579
10626
10731
10769
10788
10868
10892
10981
11009
11034
11040
11085
11187
11237
11240
11274
11279
11322
22881
23002
23048
23109
23150
23171
23218
23224
23229
23242
23303
23327
23328
23533
23621
23627
23654
23678
23767
23780
25780
25827
26020
26030
26033
26223
26230
26471
26499
26577
26578
26873
26996
26998
27289
28996
29763
29775
29907
29909
29911
29992
30844
50650
50811
50847
50848
51361
51559
51561
51666
51705
51807
53342
53403
54436
54498
54521
54532
54852
54961
55034
55041
55075
55080
55103
55259
55605
55614
55670
55715
55760
56164
56253
56624
57047
57118
57231
57402
57475
57526
57530
57804
58191
58494
59352
60370
63911
64065
64787
65009
65011
65065
79056
79767
79875
79993
80237
80303
80326
80380
80714
80781
80833
80835
83445
83468
83481
83715
83959
84056
84171
84225
84253
84612
84679
84696
84720
84885
84952
84958
85236
85477
91181
91319
91373
91543
93273
94098
94099
94240
114294
114571
114789
115701
116496
121536
124739
128312
130340
132864
134285
134957
137075
140576
140803
146547
147700
147798
148113
148327
151556
152815
153562
154810
155368
160845
161291
162515
162989
168002
170589
171586
196264
201294
220441
245973
246213
255626
255743
256949
259173
282974
369008
389941
450095
653145
