441478
650200
286075
729082
404550
222662
256714
349136
171023
30818
96764
65264
205717
375790
11346
326625
389558
341640
399818
201475
162515
166647
646300
85460
60678
154881
140862
197407
148789
644150
135398
160622
122953
127262
144402
24149
94104
340075
51773
81930
338596
116987
159195
130872
132158
137392
374569
138639
121665
221504
283237
133584
88745
59338
95681
27436
124801
129831
143384
152559
120071
126308
158248
147007
196528
284382
387914
30001
254956
29094
58528
129080
220323
92799
151888
200186
146057
114112
139818
93487
113189
154214
157657
200894
119504
92140
80975
53371
118987
254263
219287
134728
151393
116496
153572
80326
337872
115704
28514
89910
90843
389119
23705
125875
219899
91283
85004
121268
147912
112703
56271
116151
151050
199746
170692
57826
388730
256364
58155
113791
148479
118672
79144
146712
285203
114928
115426
338322
64429
53917
90353
285527
285852
254042
50847
121053
255758
26750
112495
118472
64218
64927
56704
254778
148304
154043
221302
54165
133418
26586
79817
63905
2316
255967
50649
140707
256126
80823
140460
221150
157506
115207
26354
79441
91687
81693
91828
60493
399687
91975
157378
387787
420
122830
83874
221035
55920
8940
90580
80031
65109
57224
57337
57696
219790
84335
143279
200081
135295
7919
80228
26233
92703
140612
216
83448
8204
27345
285761
8317
114790
56155
56616
83787
90693
689
28986
55278
64130
84759
901
27161
256281
283149
4520
84441
196403
3717
9053
4791
3190
54800
23279
54663
1108
80155
142
10208
154810
8106
55540
4363
4624
26060
135228
55435
83992
5366
157313
6929
56034
59274
23
3490
7205
84557
54517
1545
26958
26146
51608
113130
64780
84904
5090
60436
2885
6815
23534
64065
79088
83552
2618
3554
4430
23650
25842
81873
1211
1314
3400
26532
1665
2824
4957
5217
6038
55765
60625
64866
4070
7629
7681
9167
51150
51255
55384
56999
57459
84708
85409
545
6498
22924
56897
93
4237
5814
200845
4867
6249
56107
3336
6094
54360
63827
1999
2146
2475
2975
5450
6443
84632
115353
1832
7358
10336
79980
196483
4147
54619
65220
83743
347
5546
5645
9382
54737
3984
7030
50805
51702
57050
57182
80781
84058
4693
8898
9716
29842
54578
81628
7589
8745
11000
55861
6382
7874
57510
113091
6158
29904
89853
285489
4286
9130
11127
11285
51571
1072
1374
2203
2701
27086
53335
57609
1877
4485
54875
64718
92105
389084
2584
6874
9219
51667
55506
90809
780
1039
1736
4323
7780
7813
9536
10734
11252
26499
51400
55035
114757
3276
5603
7475
10057
83658
84100
221472
3625
6004
23435
25897
55664
55827
63874
1633
7750
8507
10808
50619
51117
54480
55630
81573
84678
118442
7514
8626
9324
10483
51333
54331
54965
90780
387758
1605
2673
6664
7289
7317
7436
10024
11198
23169
26205
27257
51526
55007
57092
57120
83608
4915
6196
10398
10538
25814
26010
51306
83716
84525
115399
129804
1181
3454
6223
7124
8019
8581
23466
51062
56951
57563
58490
64682
81831
83690
84978
389058
1462
1912
2743
4045
5496
9792
22872
23353
27042
51449
51501
55229
79668
79693
79753
84181
84303
1769
2239
3122
4756
5754
5903
5978
7412
8455
8785
11040
23231
23255
26330
27018
54407
54916
84144
3037
3872
6297
6320
6741
9425
9470
10670
23095
51474
54439
79065
84246
256691
667
1937
1959
2091
3149
3692
4602
6764
8826
9360
9448
10171
10296
10927
22897
23413
23492
25778
29072
51751
55608
55742
114885
399665
839
1501
2782
5168
5296
5723
6343
6692
8078
8703
9274
10844
23627
25959
27122
51379
57805
114907
162494
813
1525
2288
2551
3084
3930
5332
8045
8434
9295
9510
9669
9761
10868
22839
25928
54780
57161
57670
79027
79603
83638
1435
2072
2950
4026
5277
5875
6790
7091
7551
8295
8683
8848
9601
9833
10152
10694
10768
10962
23593
51203
55084
55365
81669
89891
1001
1410
3066
3104
3814
6364
6573
6646
9698
9921
10318
10592
11065
22803
22994
23118
27067
55696
57591
64760
79585
84861
118424
403
596
1815
2263
3383
3797
4122
4205
4734
5433
5937
6141
7188
8666
9493
10519
11173
23070
23151
23197
29984
64840
84844
874
1718
1793
3021
3664
7570
7846
8174
9585
9874
10008
10133
10436
10452
26037
54149
54462
55207
56983
79789
81857
84962
308
3321
3895
4942
5074
5955
8611
9993
10098
10383
11237
23398
29952
56882
79012
79738
81558
81603
84231
84889
613
627
641
3963
5019
5189
5203
5352
5589
6909
7110
8190
8731
9632
9953
10279
10787
23384
27147
27285
27316
28962
51091
51435
54951
55718
56257
79724
81539
84216
861
1981
2059
2521
2535
2571
2768
3171
3950
4192
5037
5523
6612
6633
7267
8065
8867
9890
10193
10579
22859
51554
55068
55127
57148
57657
64410
3309
3918
5863
6548
6993
7163
7175
7738
9620
9651
9821
10645
22982
23219
51232
58478
58516
79805
1028
1271
3265
3680
4780
5063
5708
9781
9908
9982
10425
10610
10659
10713
10902
10983
11091
11335
27304
54940
55103
55140
57448
79047
79633
79657
79778
84269
13
3842
4222
5536
5635
5744
6433
7078
8417
8480
8809
9943
10113
10468
10724
10888
22828
23043
23616
25984
26127
27244
29942
51222
55170
55180
84206
84285
84879
2049
2121
2192
2941
3852
5010
5154
5317
5693
5793
5894
6722
7013
7280
7403
8491
8544
8559
9689
9852
9973
10636
23053
23141
25805
26137
29890
29970
55161
55269
55818
55905
56098
56243
57645
64857
79648
80146
84172
91966
126299
326
339
1286
1299
1491
2280
2308
3656
4139
5050
5783
5802
6489
6625
7005
7543
8568
8887
9266
10949
11083
11108
22795
22974
23012
23087
24137
25949
25994
26002
51371
55153
55254
64121
64710
64919
79004
83540
84295
285753
86
390
894
994
1455
2139
2803
2810
3977
4356
5147
6426
6566
6599
6715
6731
7345
7862
8099
8819
8880
9253
9353
10512
10565
10572
10623
10801
11164
23527
26053
30811
51744
55000
55200
55262
57549
57556
79058
81532
81621
84134
84328
84619
118980
397
655
833
988
1308
1368
1428
2737
3060
3184
3609
3619
3866
6591
6606
7352
7469
8428
8553
8725
9569
9967
10630
10838
10920
10994
11102
11116
11190
11231
11322
23378
27333
27339
51105
51111
51244
54433
54994
55223
55732
55914
56977
57690
64423
64754
79718
80025
114879
334
661
775
1266
1294
1809
1994
2113
2134
2817
2877
3480
3485
3837
3861
4232
4751
5327
5688
5778
5932
5973
6810
7150
7464
7733
7869
8407
8412
8502
8576
8658
9260
9575
9646
9869
9903
10093
10123
10128
10478
10957
11122
11226
23025
23032
23136
23518
25800
27299
28976
28981
29883
29979
51250
51366
54910
55122
56252
78999
79628
80776
81553
81688
84280
84552
283232
890
984
1207
2045
2130
2971
3615
3833
5033
5058
5163
5270
5719
5810
6422
6925
7026
7074
7159
7913
8539
8607
9315
9320
9580
9663
9817
9865
9939
10089
10898
10916
22823
22920
23020
23039
23062
23066
23215
23514
23523
23612
25980
27143
51362
51497
51567
54512
55193
55714
55738
55901
56947
79624
79644
83548
84168
116983
222658
323
1021
1024
1488
1522
2118
2548
2882
3714
3912
3915
5274
5704
6035
6560
6563
6738
6786
6871
7088
7155
7508
7511
7586
8314
8655
9530
9533
10293
10865
11328
11332
23590
24145
27254
27330
28959
29967
51088
51147
55114
55119
55197
55858
57654
64215
81618
84141
84522
84626
84629
170689
214
1019
1282
1284
1499
1663
1734
2201
2822
2969
3146
4691
5431
5521
5702
5791
5927
5971
6002
6092
6713
6923
7022
7024
7072
8500
8537
8664
8896
9667
9757
9861
9863
9919
10052
10055
10150
10206
10381
10536
10621
10657
10913
10981
11171
22821
23030
23037
23648
25957
29888
29899
29902
54478
54510
55081
55117
55190
55504
55662
57333
57335
57589
64708
64778
64838
80144
81928
83636
84132
85407
595
666
860
1027
1265
1307
1434
1454
1487
1814
2058
2534
2781
3148
3308
3553
3691
3796
3832
3910
3911
4191
5062
5089
5167
5326
5707
5929
5930
5931
5954
5970
6091
6421
6497
6597
6598
6789
6809
6908
7158
7187
7507
7917
7918
8427
8454
8479
8490
8543
8663
8702
8724
8895
8939
9265
9319
9584
9759
9760
10054
10149
10693
10767
10915
10926
11064
11196
11197
11331
22827
22838
22919
23024
23150
23168
23214
23626
24148
25841
25948
27085
27315
29901
50804
51202
51433
51434
51701
54431
54432
54516
54915
55083
55151
55152
55192
55364
55501
55502
55503
55660
55661
55695
55764
57181
57446
57447
64129
64753
79623
80143
84230
768211
