439921
642658
286827
400746
339665
165918
222229
261734
29980
95681
203068
65062
11346
154467
389558
378708
245812
126731
195814
84904
59343
139818
116988
255104
121268
137075
51764
259266
144699
148979
151648
124245
135228
81620
133418
201299
219348
24144
115399
285282
113452
94239
284023
27076
91683
147015
26031
28232
80764
58509
63940
93323
57821
29127
23604
148479
221421
56172
389084
126282
89941
91012
221002
55763
153769
80346
148113
83540
151295
115004
57217
144165
7468
154141
90459
221908
3397
64785
92922
79188
91431
84466
84083
10791
113230
7988
54584
50810
79701
94032
55509
1192
2590
113026
56655
144501
339479
25819
4436
2321
55336
79990
54956
6118
7029
57664
8581
90861
51375
57007
8317
54442
93185
84749
4301
5985
84333
3267
5653
6667
5127
92797
79447
8784
3148
151176
23022
10232
79575
9355
9735
1063
8208
201191
23484
718
2852
11168
80212
382
4070
9847
890
1396
2491
6277
7185
483
578
7374
9563
1627
51634
8460
23310
51053
1540
9001
55236
83903
7798
23399
4796
83990
9232
5829
54875
90780
6941
90379
83461
3070
7298
3726
10460
3978
51186
51523
79919
10095
51260
79075
11099
176
2968
4683
1719
2054
4931
10165
4175
9497
5252
57152
4998
5432
6604
57560
323
1797
10347
22875
2794
56942
835
1958
6549
2241
29801
54821
3925
6839
10042
56888
8732
29899
9129
80714
1893
5062
79026
5933
6474
6382
6793
10645
10745
22808
22976
23178
115353
1495
51141
51330
23266
29855
2146
4248
7941
11270
79145
2199
3872
9994
22934
8930
9088
9314
9948
5613
11060
23139
63901
10535
29089
51726
5358
55159
7905
9179
683
5493
5558
10691
51596
56853
3801
4616
10426
55125
80178
4650
4898
11313
84717
271
3679
8550
26000
29950
57634
3036
9468
11031
23237
6913
244
5395
5530
5802
51026
1032
2121
5333
8974
4772
9657
1870
2026
9688
124222
6433
9711
4751
5781
6892
7884
10606
22854
25798
80157
5593
80326
4879
6455
10573
54801
84314
1174
29781
84886
306
10627
55746
79002
2305
3710
5317
8914
58493
7283
23589
5918
10406
10592
57620
64771
114990
822
1000
1017
2013
4052
6536
2956
10733
55215
79689
1786
1859
1947
3861
3914
6522
55732
2189
3835
3845
4291
11021
23224
5118
8905
9223
55197
55206
55227
56998
80314
675
2297
7021
9215
55715
121260
4241
5111
9681
10726
24137
25791
55118
55329
79019
79912
84073
994
3855
5426
6376
10036
10420
55323
55503
55726
2049
3065
4065
5910
9989
302
1013
1058
1942
6429
7984
79571
116984
672
991
1856
5915
6533
6664
23234
51631
55723
55743
80323
84080
2295
5422
5424
5528
5983
8972
8999
9733
29799
57819
59341
84464
990
1030
1031
1062
1946
4171
4172
4173
4174
5557
5932
5981
5982
6117
8971
10644
54820
55196
56941
729440
