101
150
165
240
358
947
963
967
1009
1231
1278
1280
1289
1290
1291
1436
1466
1513
1634
1809
1893
1992
2004
2009
2015
2162
2200
2202
2217
2219
2274
2295
2335
2619
2644
2669
2791
2995
3071
3075
3090
3159
3371
3399
3553
3569
3606
3627
3635
3695
3912
3937
3956
4016
4017
4033
4035
4060
4066
4094
4147
4210
4232
4258
4314
4318
4319
4322
4323
4360
4481
4681
4689
4811
4921
4922
4958
4969
5118
5156
5157
5159
5196
5251
5327
5376
5396
5480
5641
5654
5743
5800
5880
6038
6236
6275
6277
6347
6383
6414
6423
6549
6560
6615
6646
6678
6691
6812
7045
7056
7122
7130
7185
7305
7357
7412
7462
7805
7980
8061
8091
8728
8840
8905
8910
9023
9046
9308
9452
9509
9637
9839
9936
10052
10156
10186
10232
10234
10261
10326
10365
10371
10411
10439
10536
10544
10637
10981
11010
11025
11031
11035
11151
11167
22795
22821
22918
23166
23213
23228
23627
25890
25894
25927
25945
25960
26191
26575
26577
26872
27123
28966
29940
30008
50509
50807
50856
51450
51661
53346
53827
54518
54674
54829
55013
55076
55714
55790
56548
56895
56978
57016
57333
58504
59345
60681
64231
64236
79630
79792
79827
79846
79867
80114
80329
80896
81035
83700
84034
84617
84752
84935
85360
93978
118429
120892
121457
123920
133308
139818
143903
147372
152007
170954
219928
284119
285313
338339
338773
339479
375387
389136
493869
