176
244
306
332
675
683
699
835
890
991
994
1029
1031
1032
1058
1062
1063
1111
1363
1719
1839
1894
1946
1958
1959
2013
2189
2274
2295
2297
2491
2643
2956
3036
3070
3624
3627
3832
3833
3845
3872
3914
3925
3958
3978
4065
4070
4085
4171
4172
4173
4174
4175
4176
4241
4288
4291
4796
4879
5111
5317
5358
5422
5426
5427
5522
5557
5558
5593
5653
5743
5802
5806
5885
5915
5933
5983
5984
5985
6118
6241
6277
6664
6941
7153
7298
7358
7374
7398
7884
7941
8082
8208
8317
8318
8492
8581
8743
8914
8972
9055
9088
9123
9156
9212
9314
9355
9493
9585
9620
9625
9735
9824
9833
9847
9863
10036
10051
10112
10232
10293
10317
10403
10460
10592
10635
11004
11060
11073
11168
11228
22854
22875
23178
23224
23234
23237
23310
23366
23594
23604
24137
25788
25806
26271
26586
28232
29089
29128
29899
29980
51053
51203
51330
51634
54443
54821
54875
54892
54930
55196
55215
55323
55329
55388
55503
55723
55726
55732
55872
56172
56853
57082
57664
59341
63901
63922
63979
64105
64108
64151
64785
64946
79075
79621
79682
79733
79801
79836
80157
80323
81620
81624
83540
83648
84080
84100
84466
84617
84889
85477
90459
91431
93323
93550
94032
94239
113115
113230
113452
114990
115399
124222
125488
127534
133418
135228
139818
148979
151295
151648
157570
160518
165055
195828
200159
201299
219348
221002
221150
221421
256126
259266
261734
286827
389084
400746
