388650
285203
170692
341640
219699
255324
619279
30818
93099
65997
11197
641371
151516
116442
140880
85407
166647
27031
158947
60436
130026
126638
57335
123606
136227
163778
23650
51702
149420
338596
112849
145581
81832
80031
133584
114818
147463
89778
340654
139886
65055
135295
90865
7584
148641
50805
163087
387856
139221
8909
56521
92196
284110
84879
26525
83690
26002
162605
64375
2266
53828
55117
91828
56154
84518
92745
9953
55850
284904
55504
5803
84256
4693
7113
3882
64800
284654
54578
3169
10804
1815
63874
8689
2678
1056
10417
79838
2892
420
54360
6091
57152
5232
6337
9663
4256
23450
133418
54843
10614
50650
5653
51554
6876
8436
1672
655
23309
79698
54221
162466
3714
64102
387718
64240
874
70
2118
3485
387597
1501
4953
9547
7475
5414
6591
1308
7373
25805
4488
91734
5521
6785
10290
3608
9865
6698
3084
3400
388533
55007
2043
4147
1428
11034
7041
273
11107
810
4629
8626
216
5176
1001
5121
4435
1620
5069
55799
84206
25928
112802
6517
4585
388611
5612
10769
6305
8581
6274
54549
627
6563
347
26499
395
11173
23627
1272
2244
4232
9843
25907
196
7021
10398
55084
3696
25984
140862
610
10381
54810
84189
3852
54827
1413
796
1294
55103
3868
8613
384
374
4222
25975
1264
4139
23301
30811
341
140856
54544
5650
25802
4254
3881
5649
23626
50649
653325
