119
123
196
230
629
684
688
744
760
929
1107
1154
1191
1297
1356
1365
1366
1535
1572
1672
1999
2001
2170
2180
2182
2348
2710
2731
2877
3131
3434
3627
3655
3665
3827
3880
3885
3906
3929
3959
3963
4057
4070
4257
4258
4316
4502
4585
4599
4939
5024
5080
5163
5178
5284
5336
5359
5625
5627
5653
5732
5803
5881
5947
6279
6441
6505
6566
6696
6773
7018
7043
7069
7164
7429
7456
7498
7780
8492
8502
8516
8566
8572
8638
8835
8862
8972
8993
9019
9120
9424
9429
9635
9669
9914
9991
10314
10397
10447
10561
10626
10804
11010
11057
11094
11185
11274
22822
22996
23254
23457
23569
23779
25884
25984
26353
26471
26751
28970
30811
51099
51268
51303
51477
53828
54453
54498
54739
54757
54836
54894
55107
55286
55287
55301
55365
55504
55601
55765
55859
55907
55930
56475
56649
56975
57224
57381
57412
57761
63950
64073
64078
64108
64135
79095
79589
79627
79746
79789
79838
79927
79949
80004
80157
80833
81029
81563
81788
83439
83666
83716
83937
84000
84102
84239
84722
85004
85409
85415
90865
91543
94240
114884
114897
115361
116150
116844
117584
124359
126432
127707
129080
129642
138065
146857
147798
149708
170689
200010
200879
200916
221692
222487
223075
245973
283677
286828
342574
342898
345079
345611
347735
389816
641371
642843
646424
