332
84889
641
672
675
699
701
890
9133
995
983
8317
1058
1786
1894
83461
3070
3149
3190
3619
4172
4171
4173
4175
9833
2296
4361
2956
4998
5027
5111
5395
5422
5426
5427
5557
5558
5888
6118
6240
6241
79801
6489
6491
7884
9212
6790
10460
7153
10293
7272
990
10428
64946
9156
29127
10926
51512
4678
90417
55872
55143
10549
10615
64151
24140
4085
10492
23594
7516
51053
29980
63979
10775
1164
401541
79780
57405
220134
79980
286827
83540
27330
26271
79621
81620
29089
29079
93550
147841
27258
113130
10714
29902
25983
3622
5983
9837
9319
79000
55388
91687
3843
988
113115
51175
55274
89958
79075
22974
5985
151648
54969
55706
64789
343099
55165
54892
79866
115353
6715
26586
3148
2491
55818
26779
283643
57697
27085
5984
6941
8520
991
1063
7597
7913
8208
1434
54836
9735
55215
83937
55789
54930
221150
57650
115106
9824
1062
54801
7398
9055
11073
195828
146956
891
23178
55732
25788
