9197
147
57491
241
265
351
570
2658
825
759
886
915
921
926
2833
820
8530
10047
1075
23316
1644
54514
11144
1833
2027
2078
8263
2222
8549
2252
2277
2563
2565
2633
2648
54332
2672
2897
2993
3001
3053
3094
3213
6532
3587
3567
3575
9365
27040
431707
4117
4184
4317
4318
4212
2660
4600
4617
4622
4772
30010
5075
5080
5136
5244
5260
5699
5741
5967
5989
6007
6098
8175
6447
9892
27290
259236
6781
50511
6863
6899
7058
8795
939
7276
7490
546
10870
11099
6000
6444
2494
8653
27283
114625
4958
56344
3174
201456
7036
50616
892
90355
56301
10402
5341
27284
6518
26575
8988
51266
26228
27123
140545
57393
342865
128414
27319
55137
9132
64407
54329
84885
27292
146456
200504
4717
257236
54474
92565
11243
55195
23399
10486
51003
115827
140901
4922
9840
81833
10940
347273
130733
55788
51647
57142
84624
27286
282969
89870
199675
140462
643037
684
113655
6691
123099
142689
201294
63976
8942
22915
219670
255631
91464
87178
8453
79799
1845
54521
389549
646174
29958
134526
340024
84700
158135
54457
29916
206338
100130771
55582
158046
90624
149643
203286
152789
140458
9096
26577
51657
11275
221303
23281
392399
138307
55133
11189
27334
134510
91851
56670
392780
57282
10216
133308
64922
25839
10435
644890
11135
84948
7435
5367
732
6325
79870
3176
10643
5209
203427
23386
441151
151651
219928
137835
373863
203190
256646
93649
206358
339479
64333
23305
90313
2762
137735
25862
10655
6549
10444
115362
731
9682
285126
4606
8821
23644
197258
6687
399949
140775
9472
23780
5314
151742
23035
131873
139231
6003
343172
338675
3631
51560
6689
57458
222235
25900
1880
79640
91526
120939
25936
284723
50839
201176
84875
