49
1137
8973
1145
153
197
215
242
160
363
432
445
623
729
726
875
930
916
1015
1007
55997
1180
1047
1260
254263
64506
56138
1409
1463
1588
1649
8788
117531
1814
9427
1908
2016
2039
2056
2066
2147
2151
2169
64319
2206
2245
2256
2275
2300
2312
2488
2524
9945
84694
2785
2898
145258
9567
2980
2981
2984
2997
57657
2297
3087
3099
340784
3172
3221
3222
3350
3355
3361
3543
3589
3725
3743
3768
11081
9181
3933
3972
3975
26468
3977
4099
4153
4159
4207
4281
8569
4336
4340
4359
9633
58498
4648
10499
4771
84901
4804
4814
4825
4884
8650
4993
26692
4974
4987
4988
5083
5148
5161
3651
23396
5582
5313
5335
51297
5361
5411
5460
5554
5694
11156
1843
84867
5916
57605
8608
6017
9376
6193
390010
6336
6469
6480
8128
4990
6580
116085
6751
6622
6641
6665
6853
9143
9238
7942
1791
7032
7066
7133
943
970
7142
7186
7220
7178
5645
60385
7352
10062
8433
7410
140767
9031
10297
2829
60676
3645
4326
130497
10537
1186
64600
5420
55521
54888
8193
22955
23162
50507
116448
4355
129049
8506
4885
7916
7100
1952
10231
56751
8620
5326
80725
23562
55544
83449
8747
23529
285598
192683
390442
10766
56413
84524
222183
729581
10412
93408
4298
27023
79190
8074
126119
146853
8858
168090
4700
79570
54797
55588
84569
80895
115286
94033
646603
136242
55105
80219
441161
84072
79017
79751
127845
390502
25949
23357
27019
54065
348793
29035
51755
80757
113746
135138
171169
93190
55192
414918
27177
116985
56898
6636
55037
2585
440836
55114
254170
147183
64063
23152
89891
55040
389151
4051
84961
8000
84988
8034
9755
128861
124773
343035
79707
150372
116113
132989
346689
132141
125875
375686
11077
54937
50964
57185
128506
164395
90423
254528
341880
124912
84058
128209
729920
4025
23500
6992
339779
135886
151531
27087
79831
51363
245908
149095
78996
2081
283149
115330
57731
122953
59284
84662
1369
56126
57648
8564
55022
26140
79631
84872
11247
9152
56154
57210
2979
116039
23498
1951
3010
729533
125206
1767
2244
5143
104
501
6570
6543
80741
30813
22881
9934
170589
121340
79092
83482
54756
147007
23220
63876
80119
341405
92092
4552
402665
139716
161176
127733
497189
83886
10607
56924
118856
29986
64651
79747
10367
54059
23177
6871
79170
84951
78995
11314
2837
9766
26037
51156
133396
54505
54020
57536
2831
286257
8021
25943
84905
140689
1953
84448
10861
54434
144715
114112
65125
126014
64763
115703
64131
26470
55238
84971
55800
10391
126567
50487
91522
1770
79915
55316
162466
92736
9732
195977
64403
132112
168002
220929
83697
26040
246330
255101
143458
84938
200008
126755
116534
55693
4544
57569
441617
90316
2986
79065
10810
146852
390266
79317
26496
390081
392391
120776
283193
256148
347169
390066
390064
119692
11202
30846
54738
80221
130013
197358
79822
390212
55229
728215
55201
93627
8989
26005
11326
6344
196500
81846
23105
121601
9162
9940
222662
671
9508
374992
283358
158248
284131
26824
54985
55893
6318
386746
341799
164127
881
85508
