123
249
362
760
765
929
9076
55907
1297
8738
1446
1447
286828
1448
2001
2152
2348
8836
23462
9957
3398
3710
3775
3783
3875
3880
3906
290
3934
4058
4240
10370
5295
5660
5878
6388
8991
51804
6523
6660
6720
22822
7018
10497
50853
7494
26960
9455
85415
83988
4925
27347
4257
9071
116362
149466
54858
5201
54941
23541
79746
84326
84532
23576
58480
1124
152189
79627
91319
283537
134549
10040
93517
10058
84836
349633
116844
100130015
222171
414149
8309
55107
525
64078
79816
58530
54836
22936
54757
55930
283078
84000
8835
7103
400224
55640
25925
5024
57476
54629
4357
23554
10302
