10677
8165
217
258
361
8153
417
487
495
590
10295
669
827
847
844
147381
1020
1059
1119
1384
1600
1652
1674
1746
1760
1837
2042
2260
2286
2331
2548
166
2890
3205
3213
3491
3778
3851
8861
4005
4547
23645
4668
4782
4784
4741
740
4855
10280
5588
5569
5740
5829
5837
5864
8854
7857
6324
6484
6507
10568
6609
6708
949
6812
6829
6920
6943
7059
7275
7328
7351
83549
23452
2101
79068
11001
55350
8706
29970
90161
165530
84274
8398
5507
8704
27255
51100
51564
23787
11069
788
51286
23704
55466
10223
64094
84277
165679
56160
8216
5096
11014
5715
51177
112817
54926
23129
9627
10897
387496
51409
148738
10540
91369
10869
54857
1370
196463
219654
80724
56922
257629
339123
26229
51196
221938
60677
155066
23122
55816
4731
23275
7148
139728
29121
118980
64798
137964
404093
347902
9524
57571
55048
57692
5298
223117
55210
5834
10919
57538
10642
83698
81031
51440
78987
1757
29959
79154
401548
79605
108
8515
203430
9581
10970
91107
80728
9229
54838
79762
92737
3638
144717
283899
50863
79672
55958
619207
29070
55700
84034
1954
57188
92691
57495
140710
4660
83892
221935
440574
22899
