861
9821
1054
9575
1385
8661
2729
23095
51274
3845
4001
51341
4734
4775
51701
5036
9520
5728
8737
2734
6645
7013
7014
7403
7707
9908
5000
8826
23036
53981
55183
29080
9406
1730
5898
64398
6815
8663
51144
9217
51678
5862
90007
140609
9147
57337
400506
51575
79811
55119
132320
85437
55196
23091
55749
23190
23350
54940
65109
283742
151246
22826
55854
9295
10051
51028
165918
283237
83660
8895
64149
55035
83732
85444
11062
378938
27336
80317
80351
11214
57082
81609
6619
64145
11056
260425
10142
23293
57223
1108
55704
54882
7175
115426
6018
56254
10194
96764
55870
51735
2186
7029
9879
23469
7503
55088
5927
8411
63897
996
79692
11128
23272
23063
23774
2804
56650
22875
27252
9926
9669
7812
23586
9991
9813
246175
84629
22852
2521
79709
353274
84456
89782
9585
49855
6314
26030
23325
23201
54542
286410
84101
9969
57187
10443
282809
81844
29994
55814
