115
285
56172
244
358
383
384
397
538
9601
1116
80781
1294
1356
1446
1447
286828
1448
1476
1604
1647
28514
8404
55785
2184
10468
2512
8326
2673
2683
1831
2805
2817
9289
3309
3117
3119
3122
3099
51478
10808
6383
3714
3764
3861
3956
3963
5264
301
4057
4121
4124
4147
4502
50804
1728
11025
5480
5621
8842
5627
5657
5732
5791
5810
6281
6285
6304
6340
6372
9554
7869
10512
64397
10580
10610
6591
6713
7022
7069
7188
8626
7262
7846
7305
7498
10899
11197
9429
30811
5955
23612
11172
128989
10447
55504
9706
2182
9424
8763
51582
11057
23024
10439
5654
2134
23457
6451
9547
10579
10144
26002
140609
1522
10952
80777
388364
84557
29108
79887
144402
51449
79589
22949
84792
123207
55969
1848
114907
23190
221143
79971
56895
10670
55034
58476
245973
9914
79094
84168
9871
810
10159
84293
28970
124975
50650
23471
23682
89853
125488
54510
151507
23062
54440
29785
1718
28986
124359
64077
57404
83716
65985
29842
9590
23283
64129
55287
55061
23677
32
57097
284904
9120
145567
114569
29968
28231
84706
3431
92912
420
5836
10237
129080
84868
55217
64764
91612
4258
23138
126969
56649
7456
57224
2568
55640
10411
56950
50649
23404
79630
7780
55258
7110
5336
56204
92370
1849
26227
53342
115207
5446
140862
57552
132299
23641
51538
222
