153
326
214
245
2671
244
317
332
339
23237
84889
571
641
650
683
672
675
699
701
27101
23581
860
865
11335
890
9133
898
25819
908
994
995
983
8318
8317
1021
1027
1029
1030
9425
9620
1058
1072
1080
1128
9021
1265
80781
1294
1374
1396
1755
1413
1535
1545
1590
5092
1649
1672
1719
1749
1788
9149
1869
1894
1947
1959
8661
1999
133418
2010
8507
2026
2043
2059
2079
53335
51466
2130
2146
2091
2201
9982
2274
10592
1490
24147
60681
2295
10023
10468
2571
54834
2697
10052
2707
127534
2709
2737
6536
2817
2842
2877
2936
27239
83461
2919
83903
9446
10471
1839
3070
4485
3094
3014
3156
3159
3170
3200
3336
3383
3400
3627
3480
3485
3553
55364
3619
3624
730249
3692
3726
3761
24137
3800
2171
9314
3861
3868
3872
3880
3892
339855
3898
3925
3921
3950
3958
3963
9355
3978
4001
301
8581
55646
8379
4116
9261
10747
8930
4172
4171
4173
4174
4175
9833
4232
4281
168620
8569
4319
4322
4323
338339
2956
4502
22823
4602
4605
50804
4684
4691
10397
4751
9603
4783
4801
51701
4830
10328
1501
4908
23636
4953
4998
4999
26986
5050
5069
5080
5090
5046
5129
5141
5154
23569
5218
5232
5251
9463
5277
5317
5054
5055
5327
5329
5036
5347
5355
5422
5424
5426
8909
5557
5593
5653
9520
5693
5725
5744
5757
11156
5770
5782
5783
5802
5803
10635
5883
5901
5928
5973
55859
5982
6007
6045
6091
6146
5430
6240
10856
6263
6281
6274
6275
6277
6364
2920
7869
9723
6405
79801
7979
256435
23309
7884
6566
9353
6599
6606
9612
6615
6631
6632
6635
6654
6741
10733
9212
6790
64220
11171
6839
6382
10460
8407
6929
6949
7013
8848
7072
8914
7083
1841
7127
7139
7153
7187
10293
7178
7272
10382
203068
7295
7298
7329
7374
10062
118471
7422
7424
51393
8840
80326
7475
4904
151295
7679
7755
8187
27000
8815
990
10912
3615
130497
10519
5650
3621
27071
4682
9994
64946
9156
9448
29127
81849
203447
10926
10036
833
26747
23612
27143
1454
6502
8170
57819
84246
9868
25946
55504
8193
25932
83992
8572
9232
29970
10572
51182
3008
57830
5996
27122
9863
10165
9987
4678
53981
1503
666
3192
55183
55143
8697
134492
22902
55861
84464
4673
7100
9406
9733
8493
1163
10898
284695
64151
148281
23225
23705
8664
6509
84254
51602
24145
10612
10232
51302
10268
160622
4085
138311
23760
1627
8663
11072
23594
8655
9641
8607
51678
11035
165721
3009
57018
84722
10691
57026
55879
57152
51053
10008
55124
166378
56852
5366
27345
57630
26002
10776
24146
64105
63979
11221
64065
4298
55503
58157
51764
64838
389058
388533
23481
23566
60678
25928
51690
54962
10410
51388
1164
51373
55319
401541
400506
23658
51070
26156
79077
126282
220134
91582
83641
254042
79019
9410
55269
55290
79706
11060
8858
55723
286827
83540
65110
10403
84930
441478
10528
26271
132320
81620
29089
27257
84154
90459
4922
84955
4931
56605
9654
439921
9150
27258
51260
136242
10406
84709
203076
57680
116442
80774
113130
51126
5464
8731
25789
84617
25805
6637
29960
60673
65109
283742
6119
55039
55131
10212
9918
79830
84844
286053
26173
151246
10669
51645
65997
132001
51157
28985
56892
10969
121268
23560
54442
9837
440955
642475
84168
79072
27177
122769
9319
790
84285
79000
378708
64943
55388
11332
10051
51028
26355
10421
26528
10409
84466
147015
91687
83660
167227
27340
152519
9129
9221
55125
55035
26256
23092
83732
6421
113177
91431
51362
26031
222229
51477
113115
9688
8498
9493
10238
25790
79919
622
255324
55038
23268
10196
132204
79075
22974
83440
5985
23650
9169
84961
128602
85409
54984
151648
27076
5547
7690
389792
23160
10813
22894
4796
50859
27333
23252
389084
343099
25861
54854
9481
150372
10248
10529
55165
54544
91828
9489
79173
54541
80155
283385
10946
127544
11116
254956
127003
57634
84933
138065
29899
81706
647215
170954
57082
93323
51691
84879
135927
135886
164592
84991
79831
79866
27338
6305
134218
55103
256714
23097
10024
7862
27436
9831
84417
9401
55917
284023
9683
64332
9123
23369
7371
7918
7023
84662
51561
83844
8936
55166
23670
57626
51384
81693
25984
55287
51068
3148
29097
157506
30836
23261
1104
121260
57661
11309
11168
23450
84080
27097
80381
55086
158947
2491
55117
84872
57122
7514
83874
283248
10886
9120
81539
23513
11015
27085
65989
6941
4200
219699
7464
6633
27063
7468
1491
4249
3010
991
1063
56853
53828
7307
6880
23234
85395
84206
51203
55920
79733
57019
5203
22929
54478
56254
271
1208
3835
7913
1854
3855
8208
5822
389015
6897
5922
11198
30813
96764
83855
284086
219790
317703
132243
90226
64780
54955
27303
23220
11226
84699
9759
163859
2873
146712
401013
51091
3084
151651
90379
127733
152185
55092
50506
115004
84144
10970
27165
78995
11177
55789
9497
9897
83481
415116
57650
54093
84231
494470
256364
80036
23137
143279
23082
100131211
157922
64794
114789
81930
7851
25943
22903
60436
23613
220988
85369
1062
23349
84904
8577
9991
54801
7398
148979
149420
23435
80157
55153
22953
10208
84141
85004
79912
64753
55655
126299
9055
8479
55247
166655
92345
83546
135228
11073
5165
91522
83990
54549
84189
27161
387856
165829
57699
9585
9507
91752
341640
6512
1870
338322
79648
55693
23333
5931
2214
7874
390073
80221
154214
285590
146956
891
6092
9088
84219
153769
53371
55083
23178
284297
2047
25902
254240
3814
374897
8360
221613
10644
80152
9881
3696
10123
55573
1763
54438
57094
57670
22859
9057
9501
55355
55732
84675
55357
55344
55506
11052
118442
55814
85508
140699
