5858
35
43
1134
58
88
89
4185
126
11318
174
186
189
258
259
4143
286
322
335
336
10930
345
350
487
563
63827
2173
652
654
779
782
786
816
827
844
845
1496
859
862
940
1013
8941
1113
1114
1158
7122
1271
1302
1291
1277
1339
1375
1400
1409
1414
1418
1420
1421
8048
1582
1638
1674
8694
4356
1759
1910
2006
2022
2027
2165
2169
2168
6624
2201
8789
2203
2243
2275
2331
10023
1840
2534
6540
51083
2596
2638
2820
2701
2736
2775
2719
2890
2906
145258
283120
54363
727
94234
3158
3213
3215
3216
3263
3270
1995
3381
3399
3484
3487
3679
3697
3698
3699
3736
3768
8570
113220
9371
10661
3818
3827
3858
3866
3849
3851
27040
56667
4145
4147
8785
1215
55384
4225
145873
284612
4131
4547
4607
23645
4619
4629
4620
4621
4622
4626
4624
4635
4634
4632
4633
4654
8736
9172
4723
4703
4778
4747
4846
4856
4892
27065
51617
5153
5141
5148
5178
5187
5308
5566
5567
5340
5345
5453
5455
5457
5536
5630
5730
5745
11156
5789
5797
284119
5837
5913
5948
5972
10107
6253
6258
11075
10501
6440
6442
56961
6510
6521
6585
6750
64321
22928
412
9143
6855
6943
7075
7111
7134
7135
7138
7140
55858
7168
7169
7273
7350
64130
7429
7448
7481
7732
8745
23632
11344
10742
6445
11155
11001
26548
8510
114787
5166
23612
57447
27129
7036
51621
6450
29765
4608
27295
3886
54898
2550
8671
341359
5224
5348
58510
7216
26508
29114
6236
81551
51208
26576
788
57338
5502
64919
8912
128414
57159
9499
55512
51778
58529
5174
4900
64091
64084
1807
23743
51676
8029
23676
116519
23630
100129271
23087
51177
56997
112817
85397
23439
57017
5276
51673
347273
10945
84331
51299
94274
646300
55530
219537
161247
2318
100130613
84665
140456
64377
9399
114898
5763
3316
1998
27231
148738
644815
90523
169044
84647
54922
57497
166614
377007
91833
84159
78989
55040
126306
54785
257629
157695
284422
131377
8501
219
8975
170261
148014
84808
83643
116154
79442
84525
284358
57467
221938
158763
347252
2875
202333
1160
10345
51300
9891
200942
3386
11189
51604
379
152831
57419
57863
255738
32
22924
11117
23395
23187
5346
64405
6345
200931
91461
575
8425
55885
651
57538
133522
65010
9256
148252
3547
8659
148741
11067
203430
3092
81558
90550
80201
80022
414919
80728
758
81794
6294
115701
3983
1373
7104
54507
229
340485
9670
576
55616
4878
84448
57205
10993
6529
54776
89887
478
4606
26470
79724
83878
50863
55800
132158
23229
246329
338
55225
23169
127294
131669
126393
283298
124801
54715
57188
50512
25903
56203
63923
152573
164832
130827
54494
8735
