132
175
217
230
257
10935
9588
316
8943
341
347
384
55973
627
2173
652
655
658
150572
708
55799
847
839
857
871
885
595
894
10576
7203
1009
1001
1019
1022
1114
4435
1184
1207
7122
1282
1284
1286
1290
1297
9318
1411
1448
1462
1510
1573
1652
1672
3177
1769
1787
1789
1815
8404
1938
29904
1979
23136
7025
55785
10659
53335
2184
2091
8789
2203
55527
8817
2263
2272
51661
2356
10023
8326
50486
2557
2619
2634
2678
28962
2743
2790
1902
2822
2824
2887
10536
10162
2890
2937
2941
2946
2953
2987
3033
727
50865
4485
3169
3206
3276
3336
7866
3485
3646
3720
3764
55605
687
342574
3851
3899
284217
3912
3921
3929
8861
9079
11061
8543
56667
4082
4237
4121
4128
4145
4147
8785
4192
55384
4222
10461
4232
4254
4313
27136
4353
4488
50804
4629
4666
4691
4734
4780
4741
22795
4830
8568
23530
4869
1501
27065
64359
5121
5178
5250
5569
5332
5480
5621
8842
5627
5630
51268
9317
5793
5805
5867
5936
5954
8490
8725
6091
6141
6146
6158
6173
6125
6129
6206
6209
6218
6223
6229
6193
6196
6202
6251
6304
6319
7857
6320
6340
8436
6415
6447
6457
6566
6573
6507
9353
6591
10769
6663
83595
6723
6769
8801
10060
6835
6836
6838
6855
6909
7022
22822
7033
7075
10469
7102
7135
7172
7181
7018
8626
7222
7225
23521
1809
10497
7390
7412
7424
7763
284307
7782
10551
11149
54849
4062
10178
8575
10253
11197
5608
4214
2494
23627
6157
57715
30811
641371
51188
55718
4958
6188
11328
152503
440275
6130
94121
728937
9315
79001
56915
27339
741
55504
56521
27344
26520
26519
83992
6468
10539
5294
10157
9200
7274
84893
115290
57830
10020
85014
58528
65055
55975
57333
85415
55268
115557
10452
10651
8763
11129
8434
10904
2892
64840
4076
5099
10404
7529
26525
10203
11138
8668
9953
23024
50808
10988
402
29114
10767
57515
5832
8722
7105
54851
4833
25828
4257
57722
2535
10924
11315
55759
29098
220382
23741
54822
148170
27299
25945
10171
10884
81890
2982
64094
64102
9536
81618
27429
9349
10550
25928
92675
8665
27075
51303
9521
51073
56647
84269
23630
51115
80349
81579
400506
58505
254552
91947
65003
5434
339229
127281
84833
84908
11224
27166
79144
388364
28989
54974
6731
91283
90843
26130
54829
84557
10103
79064
144402
79589
90871
89778
64927
116151
55850
192286
83480
29789
27330
25974
54149
22949
79004
6595
1937
10161
112849
2882
55969
4922
145407
143379
161582
114907
29104
116442
26073
116841
51250
56475
55161
51181
6124
5464
8613
344405
6171
84896
6431
670
200916
6207
29997
54940
51011
79971
119710
389119
143888
64081
10670
338328
29078
57142
51313
130507
5157
100130613
79810
26121
64924
27346
5018
3316
201232
51022
27304
84168
493869
375704
51020
57804
64852
440836
58489
883
79136
10849
92840
54968
254359
29058
170961
80824
10100
11107
29800
147183
162605
28970
5189
114793
79623
256691
27235
622
11062
114908
10196
142940
83636
23682
143282
23160
219
89853
84105
9829
81932
85007
84251
7108
56928
219621
22836
125972
54854
23426
10058
23062
29785
91828
54541
79101
158763
29085
112703
6230
51751
79711
153657
27314
9380
116843
64077
22921
84879
6142
80224
6203
164592
8537
100130890
90865
64969
51309
3386
54517
11189
83448
65993
155368
10581
26353
80975
196403
7371
9590
2745
79664
1369
83943
57161
139728
10715
85407
27439
64979
84545
10626
25984
64129
54578
4017
133308
148789
10398
2266
10417
60626
55107
220323
6988
55117
51733
10758
1455
5193
404093
3680
9120
145567
3376
81539
54663
790955
1491
8225
11041
55084
2739
55829
874
420
1608
5860
390916
55825
55353
10643
129080
136227
27244
81035
80765
5881
27113
79083
55217
27303
125058
54894
11226
83464
64764
170692
5831
80760
55526
92745
283078
25963
23420
196743
117155
6571
93649
7915
80031
222553
81558
374986
8835
113791
23301
25929
55640
56659
27072
79692
81037
689
340371
10411
125988
26007
54981
57589
80019
4139
127018
56950
653383
84814
22839
60436
51006
57535
8577
4878
60558
80144
83478
23014
129303
114112
79885
126299
79414
123606
55623
64755
83878
56342
374882
84894
9960
56204
84918
84456
134548
84189
11007
54619
8516
169611
129831
55612
341640
151742
90362
58499
55359
57616
51333
27324
167681
139221
51554
9760
347468
124930
133584
221061
26235
4294
2047
389840
123283
219899
57604
50512
84340
644150
29925
9752
252995
55968
222
