224
475
483
7832
302
10951
928
998
999
8837
1182
1660
1778
1973
1997
22905
2195
2965
8924
3178
3182
3267
3416
3459
3659
4124
4140
4152
4170
5713
4077
5306
5451
4927
5861
51082
51720
85477
6430
5268
6773
7006
7042
7073
9948
2073
10778
10912
9802
55333
11201
10955
51426
4683
85465
90861
29945
79172
84464
1741
3181
9352
4673
8999
9124
22976
117246
23456
51455
26471
23054
8720
5937
6565
55909
285362
94241
84324
51522
51124
84298
116228
245812
10771
51119
10097
55300
51118
57688
10283
285672
51290
9140
51747
284996
54819
83479
9375
2961
11051
56892
84240
8881
9980
114825
23767
51566
23052
5520
11325
81929
58533
81542
54453
10600
79188
22889
55745
9851
9847
57821
51192
30849
9678
81704
23081
9786
5874
23451
81565
27125
2962
22911
56944
23266
114883
57533
5358
51559
54799
23291
9794
400
84073
57561
54793
29066
54477
800
1192
92797
9110
51631
10569
57721
201627
56256
160728
51057
29093
79893
154141
23379
153562
54622
22863
55835
9867
51322
23111
29889
55144
4144
9710
10418
8883
55159
26503
8481
140775
346389
56929
10892
57147
10602
23064
90799
254048
9969
55015
7776
23023
80323
345778
