9510
397
255877
594
8913
894
1012
1000
1021
1080
80781
1280
1289
1292
1294
1381
1428
1462
1906
133418
2059
2192
60681
2335
10468
11167
2619
2746
10630
1902
10536
9446
3240
3400
3485
3837
9452
3714
3757
3908
3912
4016
4035
54674
4121
4128
4147
4208
4232
4242
4323
4831
4942
5129
5159
51702
5168
5321
5327
5480
5625
22821
5649
23179
51450
5176
6423
10512
6560
6566
6591
6611
6678
6925
7021
8848
7058
7078
7172
8460
1809
7424
7431
64388
55714
27285
11197
3671
8618
10838
10057
10631
115290
27122
10734
666
57333
79668
10791
50509
10266
10439
5654
55901
56265
55076
6182
1627
64175
7105
55190
27345
26002
2121
3995
55503
7982
9536
25928
55052
51025
84262
91283
23087
144402
9865
4507
26010
8894
79603
2882
387758
56895
133686
79933
27286
5157
65997
84168
8544
790
125150
65260
5438
64943
26872
118924
2995
55332
256691
118429
23650
25907
23022
10128
10954
114904
6327
57168
10234
92196
326625
84417
80114
29952
84668
81693
10715
11222
9324
220323
158947
3680
81539
91461
3957
55084
2990
4839
113263
284654
57335
219928
93100
23228
5239
92241
79805
6549
8577
23150
64753
10418
57146
56342
26227
23398
159371
285313
221061
191
140862
121227
2644
54875
147495
