35
60
70
72
59
118
141
158
197
9049
205
208
309
1173
8943
375
381
383
468
488
506
516
523
527
550
578
11331
8915
9275
9274
682
9184
51719
811
821
10487
826
829
832
839
890
896
904
9973
10694
975
984
1019
1020
8941
1120
1183
1211
1286
1314
9564
1445
5130
1509
1595
1639
1642
1650
8694
8214
4733
1819
22919
1969
2071
5496
2280
2288
2289
23770
2512
2548
2551
2589
26330
2618
2643
2664
2683
2584
2767
2781
2782
2783
2806
2936
10162
2896
2950
81502
3005
3066
9146
3191
3265
27102
3276
3454
3455
10068
3611
153572
3692
9382
4000
210
4097
7975
9782
4151
53615
4161
4234
2306
2872
65108
4478
4598
4651
4641
4668
4783
4784
4836
8568
10328
4891
4902
4946
5034
5058
5063
9159
5147
5170
5211
5216
5245
5255
5296
5315
5580
9373
5338
5347
5351
5355
3936
23649
5425
29883
5476
5494
5499
5515
5516
5532
5550
5589
5693
5700
5701
5702
5705
5710
5734
5824
53917
5870
5905
5863
6141
6257
51150
60412
6494
6548
9343
6628
6646
5269
22928
9517
6733
6778
6810
10209
6836
6385
6878
6945
5708
60685
7040
7112
7132
9191
55858
7167
7182
7205
7264
7277
10382
7316
7317
8078
7376
27089
7392
7403
9341
8673
7407
7408
7428
10413
57175
8815
9908
4938
11252
5704
5719
10066
9526
10616
5606
4215
5595
10101
8985
10980
64708
9555
9448
8454
10483
27095
10036
6924
57062
833
51069
10061
11267
54951
9136
79180
27339
84923
80344
741
6525
6300
8826
26517
8862
27348
274
9218
51081
26270
9817
11200
10787
10081
10445
9776
10263
8536
55143
8887
6449
55798
64061
440400
10482
10452
7257
11129
1366
10801
5373
10121
25814
64121
26993
8106
6048
8724
64834
51582
8859
537
51460
55502
29950
29934
54676
29979
10098
51253
6182
29928
51144
51226
6811
26133
11165
5531
6249
11047
22818
1209
10055
23787
11337
439
2932
112770
2475
9477
29115
9546
23463
5714
55742
92703
26284
56882
30011
9158
49856
10296
51433
10171
84516
1522
64163
81618
51649
26020
22883
513
6391
200185
23474
114049
55707
51073
26151
25962
57095
64750
528
51614
29901
1155
55352
6883
10922
30968
56616
2971
84557
55182
79706
11014
55119
222658
5711
84311
5019
51256
661
84061
81555
84300
4705
583
133957
81631
285193
84335
6923
51202
84522
118426
127262
27246
58478
25870
10755
26017
5276
23219
51629
55003
10093
22916
10807
54433
81605
84191
25980
115939
88455
84270
79002
10654
11065
23118
57153
115992
79863
2318
157567
84232
24148
79810
79058
25853
286075
91689
9337
22872
54808
55317
10939
10540
90580
64744
84285
81556
79157
79035
11332
9128
5707
9989
23510
58490
11319
4595
9209
200845
283232
116138
23141
81610
203259
79587
64426
51706
11054
54965
339123
387338
978
79156
57510
131377
548645
389792
192111
10954
11108
51218
201931
23070
23214
10844
79586
11321
55234
30827
2733
80025
57190
55298
54737
9675
128866
81857
127731
26090
30851
22796
54994
79794
79753
23061
23299
65992
84364
65082
57404
84305
65005
27158
26118
51604
114879
80851
56975
84514
26353
379
79718
55905
9093
23543
51586
54187
56913
84062
5546
80142
8370
84779
29888
84342
55379
26036
10422
55695
84934
54480
55253
130557
8427
64418
55846
59338
81532
83743
55625
6618
23395
112616
1455
56926
23523
1453
124944
5917
1653
53918
51292
23243
285381
9524
79717
54663
9044
83638
6675
6050
23210
9130
10920
79991
157313
3656
54478
5226
7009
156
4287
54583
112398
55353
533
5889
172
96764
55330
55589
23174
29946
7511
57130
55911
4597
92799
91445
7920
79643
126308
26092
1981
23355
7030
25948
54862
154881
51441
56951
116988
27042
10994
10025
81926
23011
23135
23125
4247
55051
23241
9972
11285
90809
221150
115761
8428
51535
8893
84231
7917
88745
51035
55071
10120
14
79137
10383
9919
51759
55713
79716
54915
55738
8833
23381
55204
23392
54432
10489
79693
57134
26232
339451
121642
26259
56257
55262
79778
8896
54776
27315
327
57609
55206
64761
7994
4863
1736
55700
54841
124641
65264
124801
2802
4294
3418
93129
55201
1984
23020
1635
57600
79720
5445
6832
23108
