51
100
123
133
1675
175
204
226
362
410
463
567
706
717
721
765
834
837
831
25819
912
948
950
3732
1051
1116
10752
1191
1311
10063
1356
1362
1382
1446
286828
1448
1509
1514
1520
1571
1632
7905
1803
667
10637
8404
1907
1978
2152
2194
57016
10211
2348
2350
2539
2583
2591
2633
2643
2819
2661
2678
28962
3029
55970
2805
84727
2896
23708
2940
3001
629
7922
50865
3198
3202
3249
3290
8870
3627
3434
3433
3588
3659
3757
10365
290
5698
5696
4053
4057
56925
29760
9173
23643
23324
4151
4240
4242
4283
4291
4314
55329
4199
163351
219972
4358
4599
5002
5005
8878
22824
5034
5080
5151
11240
23569
8864
5284
8395
5306
9600
5570
5054
23646
3936
3959
5530
5552
5610
5618
10544
5660
5664
5806
51655
6016
6185
6271
6284
6279
11341
6351
6352
391059
6400
6441
8910
6482
6567
6505
6510
6672
6696
6773
6776
8614
50511
6892
6913
6939
11185
7045
7048
7069
7099
7123
8993
7164
7184
7018
7422
7441
7466
7494
7498
54414
51043
267
10380
1043
11343
26011
6041
10067
10559
11274
9429
2055
10955
51330
11172
51734
1468
51172
11267
10447
27230
25932
27173
6583
64222
51761
2182
51540
10267
9424
8536
23589
642843
4925
10553
11258
9636
9064
51807
8999
64834
8935
10404
537
115361
29934
8615
3964
11238
55577
5341
163732
56265
23457
51226
9325
103
10652
9217
9570
23417
112770
9516
56674
56729
3669
64320
51129
91543
81030
285362
51693
10135
29126
9535
64093
23753
9709
10437
79641
55748
84418
55831
23423
64757
130888
51506
28984
4715
6746
113452
54463
90701
528
81579
51635
127428
94103
10103
8780
51246
283871
51079
54996
23287
60386
54814
90293
51099
9342
116236
152137
221
64108
55177
79139
51726
51569
51537
84617
10577
8347
66005
84304
116255
79073
55034
10654
10573
58476
10668
9914
29920
79094
286319
9214
124626
55654
23508
1774
684
134147
9871
9805
11092
3430
26872
8528
84293
79982
132720
219681
83473
84883
64135
57698
196410
2517
55069
9854
220972
80310
8416
23585
29948
164091
377677
80830
51706
23406
124565
53838
5236
256471
11022
84959
23779
389136
11010
79095
84140
7318
54206
54751
2582
26262
79836
166929
116071
387751
197259
59342
54855
399
7873
124359
57559
140809
79174
116844
65992
100130890
79629
757
56927
79622
140461
8996
55454
56829
221477
64374
6238
9590
54209
9659
54187
4983
81855
94097
10216
84824
30844
56944
10561
23424
9853
80270
5357
55129
80301
339665
84299
6184
47
23491
2731
642273
54793
26272
84975
51061
55840
134265
9404
6050
10840
51809
51606
94240
64859
3431
2990
5836
4126
4482
269
1192
254102
57620
51009
93185
140738
9927
149428
55911
1757
9695
124997
90411
9725
23371
55214
9788
56994
126969
83862
339479
956
5908
8566
2202
80230
25979
9744
7706
113277
64772
221692
54899
1611
84926
55313
200958
64771
125476
5526
80019
54838
22926
151176
54863
55684
57761
85441
9673
9635
79695
347735
9473
25849
8638
155185
221955
81552
8972
55002
55601
54929
8821
5336
9764
9780
57476
1849
84679
84918
146857
58504
23780
127707
55359
54502
4939
83853
197322
58484
5446
255626
10644
25809
57552
2644
57464
84680
10026
57462
144404
29925
84102
83857
8804
54625
