9370
126
11318
1675
183
186
249
2167
2720
710
717
761
120329
912
948
917
3075
1280
1281
1350
1471
1571
1572
1604
1634
1800
2053
2168
2273
2350
63924
50486
2625
2940
3479
3543
9452
5264
4015
4016
4023
4060
4223
4313
9
4837
4969
11240
5179
5733
26469
85477
6423
6414
6424
6586
6678
12
6817
8803
7056
7060
7130
7357
64375
64388
4241
29995
8076
715
55847
10266
23671
1805
22927
1620
26061
170680
729359
30845
58472
58986
64122
9535
23410
79987
9936
28984
6399
29100
11080
128338
112849
58494
84898
352999
151887
200916
4710
3281
114898
112483
23576
134147
79136
130026
51201
27106
79827
11076
168667
84693
2162
121355
10234
98
91860
28978
4239
202333
222643
56246
94031
117248
80114
83943
2266
23491
4329
171586
5563
1528
5836
80339
140738
259230
6821
8483
2202
84256
55679
5229
127018
229
51316
2998
10418
120224
27324
23339
5446
22801
222
