1675
202
230
245
10053
334
341
481
10079
780
847
999
1036
8190
9620
1116
10207
1154
1159
1365
1364
1191
1297
1298
1299
1446
1447
286828
1448
1525
1572
1622
1756
1777
1838
10278
26298
1999
2001
2045
2125
2139
2195
8789
9982
8326
50486
2591
2625
2819
2678
2877
2886
2940
3171
3240
3249
3400
153572
3694
50848
3775
3815
3860
3861
3872
3875
3880
3851
3898
3911
3918
3929
3934
3945
3963
84708
4041
4057
8581
4072
4118
2296
4324
9053
4645
9603
4781
1501
4950
5002
5129
5152
5317
10891
8495
5493
5618
5625
8842
8492
6768
5792
5827
401409
55859
6097
6285
6337
6340
7869
6441
6517
6523
6663
9580
5268
6692
10653
6712
6888
7021
7022
22822
7069
9414
8784
7164
7018
8626
7263
7430
7436
7739
26751
5603
9455
30811
641371
26499
58473
27134
55504
7274
7113
85415
55268
9099
1366
51599
3664
26958
54566
10279
23225
90060
2810
10809
85329
2134
163732
23457
11187
10518
4257
26287
84722
4070
6565
132014
9071
51085
10144
55902
64122
64065
55503
25928
84418
27075
113452
10206
201299
51205
10103
9865
91894
22906
388581
10406
352999
54682
114907
151516
79746
140576
25805
1397
116238
55034
245973
9914
126695
10217
79983
57662
200634
219738
152189
79136
92840
130026
810
8528
84293
10100
28970
124975
23254
79919
137075
10040
79784
56922
79961
23650
85409
84518
27076
11076
63027
23779
389084
166824
91862
93517
403313
79993
133690
55286
349633
5652
84879
222643
100130015
155006
345079
6715
4832
5874
29842
8309
79789
25984
55287
54842
64787
25841
55107
284904
23491
84073
376267
122060
286077
114569
286676
55620
284252
81621
84706
1832
420
3855
5909
54873
80339
4585
129080
149428
79083
479
54836
3691
3303
29841
54894
23286
57475
116984
146439
126969
55227
56649
80212
57224
160728
29094
2568
162515
165324
29091
153562
55349
387914
340371
83481
84256
92359
79949
50649
254427
389816
120071
3706
7851
85462
729830
9890
22996
200010
347735
27237
3638
80157
25849
223075
284340
6898
7571
170689
6309
84894
5364
10149
161291
83694
159371
22874
55612
341640
127707
338322
89944
55251
54502
51380
79977
9651
23554
79755
93664
644150
147798
80323
56271
222
