92
337
770
1031
1261
1523
1581
2036
2129
2155
2242
2299
2670
2780
27239
610
3990
3362
3480
972
339855
9261
8685
4504
4653
63908
5232
9463
5579
9050
5803
5990
5430
6262
6263
6274
6338
23309
729014
442038
7015
7016
51368
118471
51393
64375
6363
4920
225
10164
81849
8170
27120
148281
10563
10612
2000
165721
55879
53822
266812
83714
24146
51373
55290
133923
404220
79370
10953
55296
116173
56605
253512
220082
25789
137797
440955
388611
254170
203074
26256
23092
414301
255324
57030
84321
163087
94134
79814
81706
3992
135927
84236
134111
23553
64800
286256
80034
6305
89797
3273
60682
11309
55128
55086
23335
10886
79691
10817
389015
1801
64699
23678
317703
10195
84699
152185
50506
23060
9572
116369
84445
163778
149420
285966
83546
54549
91523
9507
79490
219429
8904
286183
284297
57526
3696
148753
374955
727910
55357
55231
