100
158
191
249
269
343
440
594
699
701
708
721
790
957
991
1111
1371
1572
1620
1678
1757
1789
1965
2287
2348
2547
2557
2805
2940
3329
3382
3422
3781
4128
4489
4502
4522
4691
4750
4833
4839
4925
4953
5080
5166
5198
5304
5464
5471
5529
5558
5626
5831
5832
5987
6160
6472
6502
6505
6510
6541
6566
6573
7064
7069
7086
7263
7274
7371
7866
8148
8326
8459
8528
8531
8624
8804
9120
9145
9156
9212
9349
9424
9718
9896
9914
9942
10040
10058
10105
10157
10360
10457
10531
10656
10975
11137
11260
11341
22948
23112
23246
23457
23464
23576
23779
25861
25929
25940
25974
26227
26275
26276
26287
26520
26872
27101
27132
27165
27232
27293
27346
27429
29087
29091
29098
29851
30814
51018
51102
51303
51477
51512
51537
51678
53916
54496
54675
54836
55012
55203
55256
55319
55388
55646
55720
55732
55840
55872
55930
55973
56300
56342
56994
57053
57405
57407
57476
57683
64078
64093
64979
64981
79071
79077
79084
79366
79695
79944
79961
81539
81579
81620
83448
83694
83890
83943
83999
84000
84172
84263
84275
84319
84561
84722
84892
85007
89958
90480
91319
92345
92667
92840
93081
93436
115290
116447
121355
123283
123355
128061
130026
131474
133686
134548
134637
138802
142940
150962
151648
159371
164592
196743
197322
200010
200916
219938
222234
222642
245973
246777
283078
283248
283677
349633
400916
414149
641371
