70
150
157
185
214
247
319
341
347
379
567
627
655
796
885
1000
1036
1264
1294
1308
1364
1395
1428
1672
1755
2034
2103
2152
2244
2246
2327
2328
2331
2619
2621
2669
2729
2893
2982
3007
3169
3212
3399
3400
3485
3574
3620
3714
3790
3880
3909
4065
4094
4129
4147
4248
4254
4435
4487
4488
4629
4693
5121
5129
5154
5176
5239
5264
5288
5450
5624
5649
5654
5980
5997
6337
6364
6517
6558
6591
6678
6833
6840
6876
7041
7078
7113
7166
7225
7379
7412
7424
7450
7844
8540
8544
8581
8614
8714
8763
9108
9122
9162
9283
9378
9547
9687
9796
9843
9865
9890
10103
10290
10398
10417
10468
10663
10769
10874
11010
11172
22854
22874
23022
23127
23229
23237
23336
23423
23493
23627
23650
25790
25907
25928
26047
26279
27075
27190
27295
27324
28996
50805
50853
54097
54221
54361
54431
54810
55084
55124
55244
56134
56154
57146
57451
57664
64091
64859
79623
79689
80031
80212
80307
80323
80736
80760
81553
81621
83690
83854
83992
84073
84189
84249
84417
84879
91828
94025
94274
113278
115265
116496
122481
128821
130814
132204
133418
133584
133690
135295
140609
147372
148534
148641
148741
154091
154141
157285
164656
166824
169611
170692
219287
256691
256714
257177
283316
284217
284654
284904
285527
326342
337876
341640
375704
388650
401013
653325
