36
81
115
183
222
230
249
290
341
359
362
383
567
667
744
767
834
837
948
954
1101
1154
1297
1298
1301
1311
1318
1346
1604
1806
1848
2030
2053
2064
2115
2152
2182
2348
2591
2731
2940
3002
3131
3164
3306
3398
3434
3708
3781
3798
3801
3906
4053
4199
4241
4329
5002
5152
5169
5284
5288
5909
6252
6285
6304
6383
6558
6720
7018
7022
7089
7164
7222
7274
8326
8395
8416
8495
8516
8528
8543
8738
8835
8836
8869
8870
8916
9061
9331
9429
9455
9486
9590
9630
9709
9728
9744
9751
9788
9829
9847
10103
10157
10370
10404
10497
10561
10615
10763
10814
10924
10955
11264
11341
22921
23239
23270
23286
23426
23433
23462
26998
27075
27120
27202
27324
28970
29841
30845
50808
51030
51108
51188
51201
51364
51380
51635
51700
51761
53340
53905
54102
54682
54751
54757
54847
54873
54959
55034
55107
55251
55568
55640
55740
55907
55930
56172
57161
57228
57535
57575
57628
57717
57761
58473
63898
64108
64122
64135
64762
64798
79136
79370
79746
79774
79836
79874
79957
80014
80303
83694
83988
84239
84249
84293
84632
84814
84952
85415
85458
89932
90293
91862
92211
93517
93664
114876
119710
123036
126969
129080
134265
140738
144347
147700
147798
149428
151126
155066
158747
160335
162387
163782
170961
219621
219738
220963
221336
221692
255743
283078
283537
283871
286828
340371
340526
342667
349633
375704
400224
400916
641372
