32
34
51
58
126
276
316
358
364
419
715
718
761
779
885
912
948
954
974
1036
1149
1158
1160
1264
1339
1346
1375
1376
1528
1571
1572
1580
1604
1634
1675
1805
1806
1831
2027
2028
2034
2053
2167
2170
2180
2194
2202
2273
2277
2644
2690
2875
2878
2934
2940
2946
2947
2998
3176
3240
3270
3290
3479
3736
3790
3908
3991
4023
4060
4129
4155
4199
4242
4329
4606
4619
4620
4622
4626
4629
4632
4837
4883
4915
4969
5004
5005
5091
5166
5179
5207
5209
5224
5239
5264
5346
5376
5444
5468
5502
5577
5733
5787
5836
5837
5918
5919
5950
6253
6258
6261
6296
6369
6510
6517
6518
6576
6623
6817
6939
7056
7069
7079
7136
7140
7145
7148
7166
7168
7273
7350
7450
8322
8436
8639
8736
9172
9332
9370
9452
9499
9659
9746
9770
9843
10345
10365
10402
10555
10580
10655
10840
10930
11185
11238
11318
23175
23336
23491
23531
23671
23676
26275
26279
26577
28984
29765
50511
51085
51129
51635
51660
53405
54436
55512
55679
55862
55902
56203
56246
56301
56994
56997
57104
57159
57419
57447
58529
63924
64122
65985
79071
79827
80339
80760
80830
83943
84293
84649
84700
84706
84803
84883
89944
94031
116255
117248
120224
130399
130827
134147
140456
144404
145957
146862
146894
151887
152831
153201
158376
171024
197021
200539
202333
246329
253738
254439
284654
392636
400916
440503
729359
729777
