13
214
269
326
339
341
403
627
655
666
874
894
1000
1001
1027
1029
1265
1266
1282
1284
1294
1308
1428
1491
1545
1605
1718
1748
1809
1815
1959
1994
2059
2192
2201
2290
2521
2619
2743
2817
2877
2882
2941
3014
3066
3276
3336
3373
3383
3400
3485
3553
3574
3621
3664
3680
3714
3852
3872
3909
3915
3918
3930
3963
4147
4155
4192
4232
4356
4435
4485
4602
4629
4921
4957
5033
5090
5154
5167
5217
5270
5352
5450
5649
5744
5783
5932
5954
6002
6091
6343
6422
6591
6664
6713
6790
7096
7412
8317
8451
8507
8537
8611
8785
8789
9493
9610
9620
9865
9890
9953
9955
10052
10055
10089
10286
10290
10293
10398
10468
10478
10734
10888
10913
10920
10926
10964
10981
11061
22821
22852
23237
23566
23612
23627
23650
24137
25841
25907
25928
25932
25984
26002
26010
26127
26353
26586
27085
27299
28514
28976
28986
29028
29902
30811
50805
51150
51761
51768
54433
54478
54952
55007
55081
55084
55124
55151
55344
55503
55504
55608
55630
55647
55764
57451
57549
57645
58478
58528
64175
64780
79603
79623
79801
80031
80776
80781
81611
81618
81621
83540
83690
83879
83992
84141
84168
84632
84879
84889
84945
85004
91283
91828
114907
114928
115399
116496
130576
133418
133584
134728
135228
137392
140707
144402
166647
169611
254263
255758
256714
284217
285203
337872
338322
341640
389084
389119
390999
768211
