548645
653560
493869
286319
404636
439921
257106
170954
221955
353116
30008
474344
94240
203328
66005
11346
643155
391253
377677
245972
340419
197358
348093
85464
161176
60685
401494
140809
154796
157855
118429
375387
168667
152519
135228
144110
389136
165215
81618
24145
147372
51762
149628
254102
167153
130132
387758
255877
126364
138639
131870
128989
146227
113277
139818
133308
59345
122953
65062
134288
128077
125488
117581
58527
27434
116071
29126
220323
28231
338773
151194
137392
284611
138065
122046
120892
124460
127544
152007
284119
124997
53346
84959
89886
93082
285852
81035
114327
121599
221491
123920
115557
338339
93550
374969
116835
80381
339665
57804
23762
196500
196883
114990
53838
148979
340061
219972
117247
112616
79094
7991
90952
7483
50509
26578
91860
91373
221184
131583
133022
58191
149345
160897
285313
160622
90362
93978
112942
92689
60370
143888
90627
56270
56681
91663
115362
347902
339479
92162
285671
3162
92344
122618
122786
64581
84455
92922
245812
6038
64423
26353
219699
2357
79415
112464
50856
83706
28966
57190
121457
64236
57580
64805
80896
57404
51454
255631
55972
84329
80177
27163
221061
26872
91252
54209
151887
255758
285195
23643
84752
4363
27319
3780
4507
90843
80790
26086
83595
114793
83930
124359
197259
55603
55083
80019
8301
1043
60592
92521
25976
113189
439
51226
64005
57718
56181
84668
114908
285590
54749
80301
92610
54587
1902
10762
56548
6935
22949
54363
56475
219855
57016
874
2919
57333
2799
3695
26994
54947
6281
63939
64943
84102
1316
9961
55201
8910
26289
3491
571
2535
7188
9107
25829
55364
51375
51586
83483
6850
9577
55273
4689
55501
55843
60312
27065
56624
84168
1174
23428
55917
79575
1573
8406
23333
1634
65009
79739
83543
3108
8560
23273
26524
81501
81567
23087
50807
56895
147323
54
55454
64175
115992
7791
22826
22872
56944
9308
84284
2746
55559
84624
84868
219928
1687
5699
9688
11285
26191
56129
64132
1466
2995
5954
23543
7130
7371
8519
8780
51334
79930
83442
84918
6196
7305
11190
11237
23034
54440
84062
715
4969
7941
9057
10326
10365
10673
51705
533
1535
4162
5509
5654
6812
9270
9897
10712
51091
54480
83892
16
1759
2162
6457
10875
11035
51026
54704
79668
79982
4922
5269
5826
9217
57088
2217
1845
3399
6004
25790
55714
64747
5066
5413
9731
10544
23483
51129
781
1231
3339
6646
10186
10577
51193
79867
80114
116039
1012
2067
4650
7249
51162
51668
79899
1809
6717
6782
9373
9420
23228
23597
27289
54674
64377
79709
3984
5480
6354
7850
8613
10094
54538
55425
89857
2026
2681
2709
4258
4616
5880
9173
26234
54829
57552
84034
104
257
4094
4327
5446
5912
8878
10067
10234
10461
55041
55803
219654
1409
4286
5218
5567
5742
6560
6747
9871
23187
23387
55764
1734
2098
4747
7280
8651
9780
10491
10982
57165
175
3635
4208
4880
5352
6251
7879
9473
10413
10846
11072
22925
25903
54922
55340
64781
79070
85440
285
2596
2896
6423
7431
9023
9938
11107
56098
57142
58504
64092
199
1152
2252
2281
2313
6511
8682
8840
9666
10268
10290
10439
10916
26064
29887
55179
63901
80146
754
1441
2512
4486
5033
6594
7462
23145
29969
51005
51313
54875
79647
79846
83871
358
837
2633
3434
3459
3892
3964
4860
5176
5376
5806
6691
9353
9452
10516
51063
54518
54567
54902
58484
221935
221
676
1390
3937
5099
6624
7903
8477
9002
9647
10156
27128
79827
221472
330
1134
3606
5118
5251
6396
7076
7922
9535
9805
10609
11328
29990
51744
54345
54857
83853
219681
410
3920
4794
4814
4904
5396
6494
8460
10652
23526
26272
29109
57125
389119
241
2869
3037
4017
4066
5159
5305
9519
9823
10938
10954
11130
11151
23627
25960
27147
55901
63923
84230
1520
2335
3572
4147
5136
5552
5939
6236
7060
10123
11167
23213
23258
51435
51646
57537
79812
1978
2135
4846
5627
5768
7011
7026
7171
8766
9839
10218
10312
25945
29909
54331
64407
84270
650
976
1303
1796
1880
2149
3077
3371
4052
4245
5018
5608
5641
6533
7358
8497
9564
10026
10039
23074
26511
55790
55830
79792
84246
427
1265
1992
2669
4135
5054
5329
7345
7412
8394
8754
9859
10750
22808
23022
29940
55752
79630
150
378
695
1292
2885
3097
4035
4772
4783
4835
4958
5199
7980
8740
8974
9046
9096
10970
11096
23586
25934
29923
53827
79971
84259
338328
165
348
2004
3384
3669
5008
5341
5598
6678
6925
8291
8704
8867
8992
9509
9554
9770
10138
11015
23166
23414
23516
26262
54664
55031
55704
81555
141
667
865
947
989
1000
1280
1381
1893
3597
4126
6387
6615
6916
7782
7837
8510
8642
8714
8728
9411
9500
10175
23136
23324
25894
55022
56172
56886
56990
57007
58475
64123
64222
133
2059
2123
2653
2737
3059
3589
3627
3764
3772
3912
3956
4086
5872
6415
6586
7048
7097
7114
8821
8832
10148
10536
10644
10838
23179
51083
54741
55068
55332
56121
56999
64115
79567
92154
1627
2015
2350
2661
4232
5244
5692
6549
6909
7424
9201
9208
9404
10404
10637
11230
22801
22918
29880
29960
51661
55076
55266
79805
84617
317
323
403
527
633
639
706
775
1514
2307
2793
3091
3554
3560
3566
3663
3679
4239
4312
4644
5210
5321
5621
5791
5800
5866
6711
7456
8676
8986
9637
9764
9853
10060
10631
11025
29934
51699
55016
83700
84912
308
824
956
971
1436
1508
2202
2990
3394
3454
3481
4046
4200
4481
4684
5547
5782
5996
6347
6446
6773
7105
7122
8723
8862
8905
9168
9253
9265
10052
10261
10870
11010
11146
11277
22821
25824
25927
27123
29952
56265
64231
79642
80168
81030
84225
114899
161
313
389
393
645
663
813
818
963
967
1462
1730
1839
2022
2055
2131
2209
2277
2303
2620
2624
2629
3055
3067
3659
3689
4082
4121
4323
4354
4831
5476
5593
5862
6451
6556
7041
7110
7846
9643
10669
10912
11031
11182
22797
23424
25890
51450
51582
55700
55748
60681
79705
80173
114904
101
400
834
857
862
1009
2214
2274
3074
3159
3624
3685
4205
4360
4478
4681
4811
5153
5196
5473
5788
5797
6001
6383
6546
6643
6688
6778
7045
7094
7127
7185
8737
8751
8829
9262
9497
10057
10488
10627
11007
11282
23176
27286
29957
53343
54206
54896
54899
59342
81552
116832
131
397
822
830
832
860
945
998
1263
1278
1843
2200
2207
2533
2791
3053
3071
3479
3487
3489
3693
4013
4033
4320
4358
5031
5151
5157
5327
5908
5910
6275
6277
6352
6455
7056
7454
8611
9021
9215
9258
9260
9450
9936
10184
10232
10266
10411
10437
11186
11188
22795
23760
25932
26509
26575
27063
29967
54329
54436
54438
64421
81565
122616
53
240
284
329
399
409
526
649
712
713
714
817
829
961
962
1230
1277
1289
1290
1291
1435
1513
1879
2014
2054
2199
2213
2619
2628
2668
2745
2790
3073
3090
3433
3486
3587
3588
3688
4015
4016
4051
4065
4125
4318
4319
4322
4921
5156
5175
5216
5217
5351
5597
5787
6279
6280
6386
6414
6781
7010
7025
7040
7058
7059
7075
7357
7940
8496
8877
8985
9403
9472
9553
9636
9935
10066
10630
10981
22820
23413
23585
25959
26577
27122
51225
54946
57124
114898
728470
