16
33
229
259
333
350
381
440
669
830
858
891
961
999
1029
1104
1114
1118
1119
1140
1361
1373
1411
1503
1536
1595
1647
1718
1912
2168
2169
2638
2643
2791
2847
2906
3005
3108
3156
3198
3399
3481
3484
3556
3569
3570
3699
3798
3827
4014
4036
4233
4291
4316
4319
4322
4586
4607
4621
4625
4628
4830
4879
4907
4922
4953
5352
5743
5782
5996
6119
6249
6307
6351
6440
6451
6611
6614
6713
7078
7096
7138
7139
7164
7407
7408
7780
7804
7980
7982
8187
8727
8731
8789
8842
8870
8898
8910
8941
8972
8993
9097
9331
9364
9507
9517
9573
9688
9890
10000
10056
10317
10322
10478
10483
10494
10787
10808
10926
10964
10981
11057
11212
11269
22852
22928
23165
23332
23358
23439
23630
23649
25840
25932
25945
26127
26353
26577
27293
28966
28970
29028
29923
29969
29990
50804
51268
51465
51530
51603
51684
51691
51744
51761
51778
53831
53834
54433
54814
54841
54947
54952
54962
54974
54998
55013
55081
55131
55164
55299
55707
55723
55740
55871
57103
57224
57381
58498
58504
59272
59339
59341
64581
64793
65009
79723
79739
79796
79939
80856
81579
81611
81704
83473
83480
83540
83660
83999
84141
84225
90019
90693
91894
92610
113452
114569
114897
116255
125488
127428
131474
138151
147841
167227
192111
199953
200159
254042
255743
337872
389058
642658
728470
732206
