43
290
463
602
1297
1604
1728
1798
2115
2182
2348
2557
3012
3267
3398
3488
3906
3929
3988
4128
4706
4832
4925
5184
5288
5295
5806
5861
5900
5925
6304
6398
6468
6720
6903
7043
7069
7227
8483
9252
9424
9685
9728
9789
10157
10295
10317
10370
10447
10559
10568
10972
11068
11092
11172
23270
23408
23457
23462
25854
26094
27120
27202
29760
29920
50865
51020
51099
51280
51364
51734
54102
54453
54682
55256
55275
55312
55840
56606
57535
59353
64078
64207
64211
64762
79140
79695
79838
79927
80255
81704
81932
83694
83937
84279
84293
84858
85458
89932
90293
92154
92211
93109
94086
94097
114876
116844
117584
123283
126298
134548
134549
140735
140738
143686
283209
283871
284403
374655
388228
388564
400224
642843
727754
