9625
33
34
37
48
50
51
9370
58
89
123
126
11318
1675
122622
204
211
216
276
286
8639
10935
316
2167
334
10930
341
358
361
364
374
10124
487
549
594
10017
654
150572
717
718
721
779
761
762
847
844
857
900
977
912
914
947
948
954
915
973
926
1031
1036
1066
1073
1149
1158
1264
7373
1280
1281
1312
1327
9377
1329
1337
1339
1345
1346
1351
1359
1375
1376
1384
1428
1431
54205
1571
1572
1604
1622
1628
1629
1632
1634
1638
1652
1674
8694
6576
1738
1800
1803
1879
64641
23596
1950
1974
1978
2021
2027
2028
2053
10659
2170
2180
2184
2191
2194
8789
2217
2219
55527
2271
2273
2277
23175
2326
63924
8322
50486
2539
2819
2662
2820
2690
1831
2752
3029
8443
57678
2878
145258
2940
2941
2944
2946
2947
2953
2954
7923
3033
50865
9843
3099
3155
3202
3204
3240
3270
3290
3295
3373
3417
3421
3620
974
3479
3489
3592
170575
3679
3695
3702
9452
9445
3716
3736
3743
23095
10365
687
3824
3908
51176
431707
3991
5264
4023
4033
4049
4050
4060
210
8581
8685
4151
4155
1215
4208
4223
4242
284612
4254
4291
4199
4190
4360
2660
4137
4594
4619
4620
4622
4632
29895
8736
9172
4697
4724
4723
4703
4774
4811
4826
4837
4883
4915
4969
5004
5005
5021
5105
5091
5151
5156
5168
5179
5184
8864
8800
9409
5207
5260
5581
26279
5376
5444
5447
5450
5468
5577
5621
10544
5625
5631
5733
5745
7803
5789
5801
5805
5816
5827
5837
10235
5925
5950
4486
6097
9249
6253
6258
6261
6271
6285
6296
29106
6337
6342
6356
6352
6387
8436
8991
6414
2487
6424
8910
10580
6558
9194
6507
6510
6581
6517
6586
6623
6640
6648
6272
12
8614
6817
8803
50511
6888
6899
6920
6939
6935
7021
11185
7056
7059
7067
7069
7086
133060
7123
7125
608
7136
7140
7145
7168
7169
7172
7253
7273
7350
83549
7384
7436
54361
7498
11096
11343
26011
29993
6000
9429
686
376497
55350
26548
225
8707
51295
27283
5166
57110
2992
4189
1468
8050
8647
57035
8209
57447
4815
56521
6583
1876
6450
29765
29767
715
8406
1891
65055
10449
55862
401190
4608
27295
9099
8434
51807
56301
54810
1731
10404
7529
10266
10402
56253
51660
5224
85329
11238
5348
5654
6369
50808
23457
10628
51144
10276
23671
23788
1805
57515
8802
6518
26137
26576
10518
5939
8988
26061
56729
788
10924
57412
729359
84696
10579
51129
5502
57159
51085
6038
11112
10144
9499
55512
58472
58529
10135
55137
55902
64122
116362
91768
64093
64091
9709
114876
23410
390243
51676
54927
55005
27069
23676
27075
64757
92259
29103
29796
389125
9936
28984
4715
1992
28971
51115
282679
2766
51635
4717
51128
339229
1537
4259
84992
127281
4709
7388
10975
388364
7386
9694
26047
55856
2110
135114
57104
79887
36
83752
5096
6392
6389
55248
440503
7385
94056
79777
128338
112849
54996
10486
4714
54976
54884
50640
90293
1666
23531
80820
10555
729777
7381
54941
6390
25961
84649
79139
3419
55273
5464
151887
51537
57017
51673
55055
4828
51011
119710
4710
4698
222166
84331
5162
4716
116238
116255
29078
255275
151556
79073
25875
81889
84624
116729
64776
58476
79639
130507
140456
84681
404550
65018
54708
9214
7095
9886
27231
134147
148738
171425
90523
51103
254439
63928
55890
25851
142689
25874
8528
57497
25797
51201
84293
132720
23526
201562
51285
22915
286133
84883
51334
91369
26268
79827
91703
2995
55332
57136
126306
118429
80830
348093
56922
115650
5194
157695
5236
256471
83636
84263
65084
6327
11076
50999
168667
54440
2162
1962
84808
2632
83643
5212
79442
122961
83538
10234
57467
221938
449520
340286
98
57659
55843
63933
2875
140458
202333
26577
124222
27288
151531
1160
92196
10345
81553
79906
116844
8534
56246
11275
57498
757
122553
200539
94031
388962
8996
117248
65985
1743
115330
256949
7148
152831
9590
9659
145957
56670
51365
9332
25802
1892
83943
57161
57419
54578
57179
80303
1806
169200
32
57509
400916
284904
5346
1593
47
23491
145567
4329
57665
114885
171586
28992
10392
10840
84706
57452
64859
166785
5918
1528
4129
419
651
5836
4482
38
7079
5095
2109
2108
54873
10894
57538
80339
79689
3176
142686
79071
3420
5209
113263
9283
55217
151888
3157
80760
55526
79646
219348
51110
8659
56994
116254
116986
7360
2202
25979
9744
91750
23078
64881
137735
93100
414919
221395
53405
55679
284273
10655
92241
4720
79762
26275
4719
22845
128486
5509
9673
57326
3638
3032
54436
57205
25849
84803
83478
23014
55698
474344
223075
9746
2998
2867
4606
23336
84869
115861
374882
120224
55572
1737
54629
56204
57088
246329
146760
3790
53342
171019
257019
27198
65999
26266
126393
255520
89944
441617
153201
64005
55203
343578
91647
9760
81442
54715
130399
5446
23554
389840
6689
115294
55066
130589
392636
140862
2644
57464
285315
57462
8884
144404
154091
167838
130827
51374
100129361
54494
147495
8735
222
