9625
9370
101
133
1675
176
245
56172
244
2167
332
369
23237
382
389
10095
57194
84889
580
8538
672
675
688
694
712
718
721
302
822
726
8573
835
836
1495
865
890
25819
971
928
994
995
8318
8317
1013
1017
1026
1029
1031
1032
9620
1058
1060
1111
10207
1181
57007
1356
1382
1396
10664
1075
23604
1622
1719
1749
1786
7905
1869
10682
1893
1894
1946
1958
1959
1999
2013
2040
2054
22905
2063
54584
2125
2146
5747
2195
2222
2274
10592
2305
2295
2319
2332
63924
2624
2643
127534
2842
9289
2936
83461
83903
9001
1839
3070
3074
2297
51155
3182
55806
3267
3315
3397
3627
3475
3597
8809
26018
3659
3660
730249
3710
3726
3727
3832
24137
3801
9314
3845
3861
3925
3914
3958
9355
3978
4053
8581
4065
4084
83463
4152
8930
4172
4171
4173
4174
4175
9833
4256
4291
4314
55329
338339
4436
2956
10943
4515
23139
4616
4622
4645
4650
10397
4751
1728
4879
53827
4998
4999
22824
5027
5080
5087
8850
5111
5127
11240
23569
5306
5587
5317
5413
5422
5424
5426
5427
5451
5493
84152
5557
5558
5593
5613
8492
5653
29893
9050
5732
5734
5802
5813
401409
5885
5888
10635
5890
8438
5933
5900
6118
5432
6241
6275
6277
10284
85477
6337
642658
6372
6376
6404
6405
23176
6474
6478
7884
6567
6505
6631
6667
5268
6696
10733
9212
6839
6382
10460
8407
5252
7004
5528
7045
7060
8914
10245
7076
7083
8784
7139
7153
8743
7298
7374
50853
11193
8839
7498
7515
151295
7739
161882
990
9518
66004
11099
25806
11313
1326
5603
11201
9156
29127
10134
10036
7941
51330
4683
57819
80737
9026
4241
10472
27005
51182
79685
55336
90861
55872
55143
342371
80014
90355
23589
84312
753
84464
1741
3181
10549
9064
8999
8493
25791
10615
6820
23204
10265
54566
28952
90060
56474
29950
22976
84254
10232
11238
51455
51228
103
81624
51174
23594
4070
57152
6429
84524
729359
51053
8601
29980
64105
63979
2189
59341
116362
64093
79575
51764
23039
84418
54962
51529
79701
58493
6399
113452
84289
116228
92421
126282
245812
6883
220134
56942
79019
201299
11060
4713
55723
286827
83540
56655
493856
11020
10403
26271
79621
81620
29089
55196
90459
79447
60386
51101
51523
51290
4931
93550
55323
55849
439921
147841
51260
80173
10406
23541
51726
151516
84617
490
83479
55055
9768
9557
51184
23484
57560
6117
10212
23366
9918
79830
1397
147179
10573
84624
54443
404550
79957
80169
56892
9214
3622
5983
642475
123775
1774
5655
57409
57662
122769
84268
10535
79000
378708
55388
10051
3430
113230
165918
9328
84466
147015
29028
63976
221002
55125
10042
55602
202051
91431
26031
81607
8416
113115
79919
79682
137075
51175
91012
79784
157570
284613
23406
79075
81929
5985
63898
85409
10331
151648
27076
113026
80346
286826
125488
4796
51141
94032
144347
389084
343099
646174
115265
93343
55559
338949
26147
10529
55165
79188
56478
122416
1540
7517
79571
85403
166929
9851
387751
388730
83450
9847
5291
118490
283385
55582
57823
51192
221421
284254
10633
54892
29899
165055
93323
124222
51375
9786
8534
255104
25896
11275
94239
63932
80329
114799
79622
23310
10024
64785
79365
9401
79364
284023
80714
64332
9123
22854
26586
29842
23327
83884
7227
10317
5026
1288
10216
3148
3930
23239
117178
22911
23266
23424
90637
144699
11168
84080
9942
6535
5358
2491
339665
7283
84073
283643
54793
5984
286676
29799
63940
11270
6941
4200
8520
23568
7468
991
1063
56853
28231
28232
2590
94240
23234
157313
79733
55172
1727
3835
5256
3855
8208
10194
55715
54873
1192
57620
92797
29855
9631
53820
149428
51631
51735
205717
9735
9725
55215
256933
51634
23371
734
131096
151651
7029
219348
90379
54862
116984
23138
146439
79669
373863
55227
115004
56256
10865
339479
160728
2568
124739
116840
55135
55731
79990
78995
91107
145483
91750
154141
153562
54930
55835
221150
10160
83481
9711
57650
22875
25862
57217
79959
84083
55733
100131211
94101
151176
81839
23443
1062
84904
768
54801
7398
148979
4898
10420
347735
80157
8638
340277
79912
65981
8972
7988
729440
9055
79728
55247
55601
54929
221184
65009
55159
5336
64779
55746
11073
7840
5165
54821
55916
8481
146857
83990
161291
195828
89782
57492
22874
1870
114990
4939
146722
10426
261734
10602
256380
84440
146956
9088
23178
83959
5522
9681
135152
2317
23224
83856
10644
114826
9657
93210
55791
54739
153328
143
8847
7776
84182
6936
22859
84102
80323
55732
25936
55509
201973
3065
118442
79902
84225
25788
651751
