101
199
330
397
929
915
962
963
971
9308
9023
11151
2833
1234
84343
1520
1535
1536
9420
9046
2014
2015
2123
2207
2213
10875
2793
8477
3002
629
10964
3055
3059
3394
3627
3459
974
10068
3594
3553
3557
8809
3560
3569
3575
3635
730249
3689
3695
10748
3824
3937
6375
4033
7940
4050
9450
23643
4283
4322
4314
338339
219972
4600
4689
51744
53827
5133
8682
11025
3936
5552
5720
26469
26191
5788
55647
6279
6280
6347
6348
6352
6354
6404
6696
10010
7045
7096
7099
944
7409
7412
1043
2533
10870
7097
1326
10312
30833
5996
3903
4210
27306
54518
115361
25939
93978
64581
114897
26228
81030
10800
203328
51225
2628
345757
54495
255231
199675
64231
23526
80231
124460
29887
55016
11010
84329
54440
53829
399
56833
10633
55843
9961
6039
64332
10663
53831
10457
1794
89886
10561
57097
3071
9404
83706
84433
58475
51284
219285
126364
92610
93082
114548
2124
113277
285852
257106
54863
11182
27111
29909
115362
80149
9473
155185
9938
89857
64005
200407
54947
6689
10326
54739
