53
54
8038
8728
101
8754
113
133
165
175
199
241
257
56172
306
244
317
374
378
383
387
427
475
527
55973
639
649
650
658
646
683
712
713
714
719
302
801
813
10487
822
824
829
830
834
837
120329
836
841
860
900
947
952
962
963
967
9308
8832
998
1009
1026
1029
1030
9023
9021
11151
1200
1230
1231
57007
1263
1265
1303
80781
1280
1281
1289
1290
1291
1278
1381
1382
10488
1436
1441
1462
1476
1509
1513
1514
1520
2017
1535
1601
1634
1796
10637
1893
10938
1964
1978
2004
133418
2012
2014
2015
2059
7025
2098
2123
2131
2159
6624
2199
2200
2207
2209
2213
57016
10875
2274
1490
60681
51661
2303
2335
8061
2357
11167
2512
2629
2681
2707
127534
2709
59345
2790
54331
2793
10630
1902
10536
2896
2919
9446
3119
3122
3059
3067
1839
3073
3090
3091
3097
3159
3162
6383
3357
8870
3627
3491
3487
3489
972
3587
3589
3597
3598
3553
7850
3566
3569
3624
3635
730249
3675
3684
3685
3687
3688
9452
3726
3772
10748
3868
3892
3902
9215
3937
3956
3958
3965
4015
4016
84695
301
4046
22918
9173
9450
23643
4066
4071
4094
4117
4121
4205
4232
4256
4321
4319
4322
4323
4314
4317
4318
338339
4358
4360
4478
4502
4135
4644
4681
4689
4783
4803
4811
22795
4831
4835
4879
6556
4953
4969
53827
22824
5033
8974
5034
5118
5156
5159
5199
5244
5251
11025
5578
5570
5321
5054
5055
5327
5329
3936
5480
5516
5552
5593
10544
5641
5653
9051
5732
5744
5756
9168
7114
5788
5791
5800
5861
7879
5880
83871
5967
6004
8737
6251
6281
6282
6275
6277
6279
6280
51450
56681
4481
642658
6361
6347
6348
6351
6354
2920
6372
9554
10371
6688
8910
6446
6455
7903
6560
6574
6513
6615
6646
6678
8877
5269
5270
5272
6696
6781
6382
6916
6935
22797
7980
7045
7056
7058
7071
7076
3371
7127
7130
7162
5359
7305
9039
7357
7412
7424
7428
7431
8840
8839
80326
7474
7490
1043
2857
4907
5650
10011
23452
558
976
5604
5352
8985
23627
8706
50856
2055
8291
117157
313
152503
7941
51330
25932
64222
10631
26270
5996
2182
23428
57333
90355
8417
6386
10553
8704
50509
8766
10156
5099
8935
4210
54518
9306
11230
25824
4438
5898
10232
3964
6373
10439
5341
5654
56265
55076
11186
23760
26471
23597
60592
10094
11072
10652
51699
11337
7105
11035
26575
26253
93978
64581
10491
7462
10962
27123
5937
5473
10008
3669
55909
51129
30011
54210
50515
5366
6038
30008
10800
25945
26002
5862
27319
51705
56548
29126
9536
54329
80762
55737
51296
10437
55748
255758
2791
58191
51388
10609
9936
1992
6307
51390
85013
58505
25934
83641
54829
120892
27248
55013
8780
4507
80013
51026
10138
2628
22949
6990
81555
26010
57688
6747
121457
8496
387758
4013
10981
51126
80146
404636
151887
84617
9804
54819
29960
66005
137392
79971
23484
56895
92689
134288
57142
51313
2963
8519
27286
5157
29101
79792
23576
28966
643037
29923
493869
9871
57804
79626
64231
158219
8881
11092
64943
26355
10409
26872
57124
3843
152519
84935
64805
79739
255631
80231
63939
79827
285671
23585
54664
118429
377677
1266
23406
4051
58533
5547
389792
10954
84959
55016
58527
50999
389136
11010
83442
338949
5912
80896
54677
54440
54206
26511
10234
197259
122402
8676
399
56833
54587
284254
26064
84933
81501
81671
138065
83930
23483
9096
170954
26577
84259
80329
11056
25960
84417
337876
55917
7991
10261
9123
10916
7371
57537
51561
81565
54209
80114
4312
84668
11009
9403
23543
2745
10457
83941
4017
133308
56944
25976
23673
84230
167153
220323
80381
5358
339665
283248
122618
81567
54749
11015
3071
26272
11031
25816
4200
9404
6050
27063
8905
4973
83706
160857
10186
58475
800
6396
104
254102
79870
81035
147323
29990
84868
55911
23166
79846
3084
4258
29940
64236
8273
7456
339479
956
5908
2202
112942
9509
29093
7483
114548
130814
122616
10184
54899
9497
115761
9358
10411
375387
23228
9637
9610
26509
80019
6549
5509
29909
79630
29957
133022
9635
26289
84455
54741
9473
400745
51316
338773
29992
8778
5031
55790
989
51762
135228
347404
84918
53832
58504
55068
29967
340419
23213
9507
285313
245972
26234
55359
79883
23333
143903
139221
64005
2214
128674
55203
84034
146722
26532
219473
285590
4052
55083
54947
79642
9537
23325
27202
122786
10644
57552
25903
222235
10326
147372
10123
1880
7171
63923
284611
83892
255919
152007
132299
84225
