216
347
655
894
1001
1308
80781
1282
1284
1294
1428
28514
1789
1815
10913
8507
23136
53335
10468
2534
8326
2239
2822
2941
2946
10964
3400
3714
3861
342574
3910
4232
4602
5010
5450
6091
7869
23616
6560
6573
6591
8626
1809
80326
50619
11197
55504
6297
9863
55540
50805
10636
50509
23705
160622
57026
27345
26002
23566
25928
79144
84557
23087
89778
26010
13
404550
84168
79919
113189
23650
6327
79412
91828
8537
254778
55103
79585
114879
59274
81603
25984
10398
55608
220323
23187
3680
83986
1025
55084
874
420
3852
64283
114757
113263
27303
11226
51091
57690
57591
23151
80070
256364
92241
22839
60436
23231
441027
79047
129831
23169
54084
83552
55083
80228
26053
84216
10123
118442
8997
