92
102
128
196
202
326
249
230
245
288
8125
337
395
10124
641
675
677
694
699
23412
760
120329
835
1499
10951
595
10576
1021
8190
28981
9425
1052
1056
9620
1070
1101
10207
1153
9076
1195
9575
1261
1690
1350
10815
10814
1410
1471
10664
1489
1523
1525
1545
1592
1572
23604
9201
1660
1719
1749
1750
1756
1787
1789
1894
1906
1946
26298
2001
9255
2010
8507
64097
2041
2045
53335
2129
2155
10772
2195
2091
1490
2299
2307
2326
2332
2538
2549
2620
2625
2670
2676
2752
9630
2780
2824
2886
2901
3021
610
3070
23462
23493
3014
3169
3170
3178
3233
3248
3990
3267
9957
3398
51278
3480
3609
3625
3646
3801
3815
3880
339855
3945
11061
3978
4001
8543
4015
4058
4071
9261
4172
4173
4174
4175
4188
2296
4301
4345
4212
4436
2956
4543
4602
4430
4645
4653
4666
63908
9148
9603
4774
4790
4792
8508
4851
4854
4855
4864
4869
4950
4998
26986
5108
5232
9463
5295
5579
5317
5411
5422
5423
5426
5427
5451
10891
5500
5534
5557
5558
5626
8899
5803
5867
53916
5878
5888
5928
5933
5959
5980
5990
6091
6103
6146
6154
6173
6129
6206
6209
6218
6193
6263
6274
85477
6338
10850
6376
6423
8436
6405
6430
23309
7884
23557
10769
6629
6635
9580
8403
6667
5268
9212
8803
6902
6940
6925
7021
7015
7016
8848
7042
7050
8100
7067
7072
7073
8914
7082
9414
7083
7102
7127
8459
7157
7263
23521
7328
10497
340260
7374
118471
7424
51393
64393
8840
81029
7531
162239
22835
92379
9310
7546
64375
9061
10455
26230
6363
26751
8243
27071
5608
4214
11201
6157
4920
64946
5527
29127
81849
9368
6188
4683
27134
8170
56915
54534
26520
1678
4241
83992
2287
29995
29761
5294
7274
6297
23250
5998
79366
9987
892
55183
90861
57489
342371
55268
55629
55861
9933
1741
3181
85480
4673
4841
7919
25791
9124
10615
2983
25873
284695
148281
10203
22990
11138
23705
23360
6509
22976
10563
2327
10612
51302
85329
8624
117246
25825
51567
80318
10944
23054
9415
26137
2000
165721
84722
26061
220
55879
30845
51053
6565
53822
29098
6165
9071
29015
220382
54822
3187
55819
55914
64105
3995
81
2982
129685
91768
64065
55503
9536
64838
9349
51474
25928
55005
1164
80145
84276
51373
136647
85013
401541
7737
51025
84992
84908
10771
84888
284161
28990
25957
84515
55269
55290
51205
57213
7386
134637
133923
404220
199857
79370
55856
85461
374354
9865
28969
22800
55193
9541
23635
55850
55120
10606
29789
27330
5706
22906
441478
10953
83640
79621
81620
51031
83787
6170
55296
57688
116173
285672
85440
51101
6634
9823
5318
55094
56605
10622
79665
55749
79807
253512
91801
51747
161582
80173
5481
84709
3608
23541
6124
151887
8613
220082
25789
490
25805
6637
200916
6207
137886
91057
11051
6119
340481
23408
57763
81572
115908
92304
151050
83451
130507
60481
126823
25978
79957
132001
51157
55854
23576
5983
9837
440955
5655
8621
79072
58480
51020
79983
122769
126133
65266
348995
10667
8881
1124
6248
152189
64852
51406
4300
84466
390760
1456
8148
51201
115399
3843
170961
7336
55596
27340
10100
51285
114825
203074
56977
202051
23092
23254
125931
91431
51566
26031
390816
414301
622
11062
255324
51175
10040
23052
79784
10196
157570
132204
84936
55279
55959
11325
79075
80218
7549
9779
285527
54984
7690
23270
143282
84924
9774
9829
65084
2178
143684
153364
57030
285755
9252
63027
168667
389084
55257
343099
64743
91862
84321
347733
84693
163087
25861
57683
121551
130132
27031
51196
10529
55165
5073
22889
64062
10236
9851
92667
255426
7586
57539
64089
9847
79101
23409
64983
94134
134187
112703
133690
83890
143098
80067
54800
55565
23524
79814
7750
54892
81706
23389
55286
3992
112752
349633
222643
135927
92196
23059
6142
6203
84236
84057
114984
4670
9786
134111
196528
155006
94239
64800
6619
79813
84626
51361
6305
414149
51309
89797
23097
134553
126353
6715
155368
116068
5874
22854
79776
23451
7023
55166
23670
83999
9332
27125
57161
54014
64979
51592
9324
3148
55218
60682
23239
157506
399665
79832
260425
54532
9204
23047
150274
154743
11309
55128
11168
55107
23450
5257
84080
9942
55086
158947
55117
11137
400916
54799
23293
55657
11135
57472
4329
84250
122060
23348
27085
27254
285636
5984
90957
6941
1108
1063
5563
9781
8473
4522
23234
160857
83543
51203
8464
54477
6018
408
7913
1854
8208
6426
389015
525
112399
5922
9112
1801
117156
4585
3781
50617
136227
64806
79754
79071
8424
112574
161725
84937
619279
113263
317703
79083
10614
9750
7738
221527
29841
27303
84444
10195
84699
115111
55930
55609
734
7159
5169
92745
401013
283078
144811
79888
91614
54540
152185
10793
8515
51626
7503
23112
55224
50506
115004
56256
84144
222553
6051
55198
160728
7103
27165
140465
23301
124739
116840
51096
9572
91107
23161
56659
9771
5921
256987
153562
140890
54622
5915
84858
54930
387914
81550
10160
340371
83481
7553
121512
84239
84256
80032
56931
6432
25925
494470
115106
143279
84632
114789
8502
81930
171177
84978
220988
163778
57535
9890
7743
7398
84455
23318
29889
149420
60558
55153
9586
223075
79885
7580
51071
285966
284340
374907
11100
79414
10418
57146
8479
2521
9639
55247
2823
84869
92345
83546
8883
7571
170689
84894
54816
11073
5364
203522
9338
5198
54549
161291
64207
346389
195828
84189
91523
57492
90576
159371
22874
9507
338596
9751
90362
27324
143884
545
11179
4357
53373
442179
219429
10426
9901
10602
8904
84838
9088
79869
23178
23554
284297
6137
55028
160335
25807
221613
55066
79755
57604
401147
81846
90799
93664
254048
3696
23761
83394
55015
10152
148753
254173
644150
6936
727910
81892
80323
55357
57666
345778
55231
155465
29994
201973
664701
11052
727997
57053
728568
8846
