245
306
244
323
360
683
688
795
861
1026
1030
9620
1308
1413
1525
1545
23604
1824
1893
10913
1906
1944
1947
2051
2125
8263
2192
9982
1490
127534
3315
3397
3400
3606
3554
3624
9314
3861
3872
3854
3958
3985
301
8581
4086
4118
2296
4256
4286
4323
4616
4681
5063
5317
5333
5453
5493
5593
5783
5795
6281
6277
642658
6474
6517
6664
7021
8848
8626
10381
80326
57864
9863
55540
10791
2810
119587
23593
10232
10611
4070
220
27345
11221
64065
55503
23566
11060
8045
10406
151516
404550
9022
60370
84886
8544
810
9877
59271
26031
6002
79919
23052
23650
85409
23022
11005
27076
55118
389084
93099
10529
121665
284254
139818
29123
27436
23321
29842
10626
55287
157506
23266
151354
144165
28231
9119
5918
3852
3855
8424
11226
389558
79098
160728
2568
162515
5915
7851
23231
80157
84141
85004
135228
9468
1870
255239
26532
153769
7798
5210
121227
10123
83394
54875
147495
