132
285
245
247
2167
347
374
384
483
55973
627
639
655
23412
796
858
947
948
953
962
928
1009
1022
1056
3075
1116
1121
1364
1231
1264
1308
1381
1382
1428
1446
1447
317712
286828
1448
1510
1604
1634
1672
1800
1959
8661
133418
2015
2123
2191
2200
2213
2274
10468
2625
8836
2678
10804
2741
2790
2941
3169
3251
51478
3384
3400
3620
974
3600
3552
3655
9270
9452
3714
2171
3860
3868
3880
3854
3906
284217
3918
4023
4060
4082
4121
4128
4222
4223
4321
4313
4314
4338
4430
4659
9
4690
4693
4750
9603
4801
8439
4953
5002
5048
5069
5110
51702
23569
5288
5493
25843
5618
10544
5653
5684
5739
5742
5795
5803
5997
9616
4486
126638
6279
6280
85477
6343
6347
6348
6372
27020
6414
26578
7979
23191
7903
6523
6591
5268
6698
6699
8614
9748
7006
55852
8784
8600
8459
8626
8408
50853
2073
5650
11197
9429
23627
5529
10955
30814
26499
11172
64240
56521
7113
8076
27120
8406
9424
29945
5356
8763
10490
51807
30061
54810
29851
23204
64841
51272
26525
10874
64398
55076
9141
23597
9643
11034
51699
57515
8655
2000
93978
26287
64581
1620
6451
112802
5196
9547
64844
23741
10800
58472
26002
55012
51705
51399
58986
94241
9535
64407
83661
388533
25928
153339
84324
51124
9936
84298
6399
51241
80349
400506
116228
51001
91947
126282
196294
51575
28990
10206
388364
64786
54829
222698
10097
199857
10103
29108
79887
89778
64431
57132
10161
84188
84898
50640
121457
51030
89970
5436
55848
29104
4013
84649
145553
135154
79971
57579
3281
283742
51313
79031
10393
28972
9914
8723
43849
60370
79983
113278
126328
55754
51028
79136
1315
26872
130026
56180
810
162605
23767
135398
79919
114908
57826
80745
23650
58533
220064
23022
84518
11005
23682
27076
7690
84263
10003
63027
58527
166824
94025
51382
57683
93517
80896
2162
121355
54544
79838
51192
219938
133690
98
22921
192670
100130015
23256
90865
114801
6619
337969
122553
414149
134510
23321
22908
6785
54843
83700
83999
53836
51365
25802
6594
56122
353143
23205
53637
54578
10398
55301
22911
2266
23673
114883
285203
5357
5358
254228
284904
9120
171546
51528
57561
171586
134265
25800
56853
53828
6563
51000
64859
55829
874
420
3852
5074
10560
80339
56606
4585
161725
284654
83604
55186
10569
148641
144811
255403
56649
8273
5927
80031
56300
116254
23301
57037
51562
79692
154141
84256
9867
5229
55432
50649
94101
8540
55304
9991
80157
81552
29903
123606
26276
57146
8883
353274
5198
83851
346389
84189
285313
442388
54503
255520
49855
139221
442179
119678
23339
139886
57094
285315
340526
80323
11183
57053
390940
