212
56172
341
567
696
784
765
885
912
948
954
1039
1131
1195
1311
1350
317712
286828
1604
1628
10278
1950
1956
2098
8326
8836
2760
2940
2944
2947
23462
3162
3164
9955
3601
3798
687
3910
8543
4053
4515
10763
8878
57575
5152
11240
5288
5371
10891
3959
5577
5621
5786
5791
55974
6310
8436
64397
10174
10580
6558
6574
6513
6523
6663
12
6812
8803
10060
6892
6939
7043
7185
7018
7222
10497
7436
7844
7538
4759
26011
10252
55333
9429
9455
5955
51172
10901
10157
8786
83988
440400
8674
30061
25791
84519
10615
10404
56624
11138
25766
9953
115361
2677
8702
9246
10924
30845
9071
55017
10144
64122
2030
10947
79641
83719
27075
85013
8548
79144
57213
90843
64786
220963
85461
374354
36
94056
283871
83640
10158
128637
80820
1848
145864
54682
140739
51234
119710
81572
81889
130507
84301
84681
57151
79983
65266
91319
8528
170961
114825
219557
55213
26207
113189
84286
56851
8916
84249
54677
6049
346288
1040
79634
55252
55500
94086
28978
54800
340146
123016
771
22921
83938
100130015
6619
117248
155368
64224
196403
64374
66000
25802
57161
50717
80303
25841
2801
1806
9853
90203
51559
6252
2119
2731
388228
376267
54749
10150
27254
8473
55741
54477
800
4852
644
5836
64283
112399
255743
54873
161742
147323
140738
55074
54102
10982
51626
7503
255394
8835
7103
23301
55640
5921
140890
84239
79628
118812
11253
64855
57535
10269
9923
81552
9710
440026
27032
195814
152926
143884
51380
58496
79869
219899
115294
27202
83856
54847
51700
254173
644150
7047
340526
54764
664701
222
