70
9510
196
326
214
216
339
341
347
358
360
384
395
397
627
655
55799
796
860
595
894
1012
1000
1001
1028
1036
8190
9620
1153
4435
254263
1264
1265
1272
1308
80781
1282
1284
1290
1294
1299
1413
1428
1462
1466
1545
1605
1672
4356
28514
1748
1815
10913
1906
1959
133418
23136
2043
2045
10659
2125
2139
2192
2199
2201
2203
2263
51661
10468
10888
10052
2730
2743
10630
2817
2824
2877
10536
2941
2969
3037
3038
9843
4485
3169
3240
9955
343958
3373
3383
3400
3485
3553
3625
3714
84962
10089
3797
9314
8082
3866
3872
3895
284217
3912
3918
51176
3963
3984
8543
4041
22918
8581
4237
4147
8785
4192
4208
4222
4232
4248
4254
4256
4360
4488
4602
50804
4629
4693
4734
4780
22795
4824
1501
9253
64359
5069
5090
5121
5154
5156
51702
5167
5168
2118
5179
5217
5277
5414
5450
8909
8611
8495
5480
9265
5744
5783
5791
5793
5802
22821
5947
5954
5649
5980
55859
8490
6035
8725
6091
6094
6141
6223
6196
51450
6320
6337
6340
6343
5176
8436
7869
54910
57556
6422
10580
147912
10478
6517
9353
6591
10769
9580
5270
10927
6698
6722
6786
6382
6876
6909
6925
7021
7022
7041
8848
7072
7078
7127
7155
7188
8626
7225
10381
1809
7380
7474
7475
7681
146198
55714
5650
26230
10252
11197
23627
30811
11000
50856
641371
23626
11328
26499
23612
27143
1454
9315
221035
57447
8412
55504
83992
27122
50805
666
65055
57333
79668
10538
27295
8434
2892
64840
54810
3664
25975
9108
56034
9953
23024
23593
27190
7216
5654
2134
55901
8702
11034
30818
8722
26137
7105
84722
4070
9569
2535
10008
55124
64919
220382
55190
27345
6038
27299
26002
2121
2982
64065
55503
9536
81618
64838
389058
9663
23566
25928
27075
256281
10206
25957
91283
90843
79645
144402
9865
51449
79589
89778
64927
116151
54149
22949
79004
441478
26010
7570
79603
2882
9823
387758
10406
114907
116442
151516
140576
8613
83446
25805
137392
389119
10670
646300
23255
5157
65997
29902
201232
84168
493869
8544
51222
80823
129804
810
166647
162605
79623
50650
51362
6002
256691
622
1266
219287
26108
23650
85409
25907
285527
23682
89853
84251
54510
55007
389084
115265
151507
79901
93099
84249
10529
91828
390
84525
388730
29942
112703
28986
51751
359845
84879
92196
140707
81553
8537
90865
51309
55103
256714
337872
117248
83716
84417
29842
6785
83690
23670
84552
81693
10715
85407
25984
23042
64129
54578
55287
9324
54972
80303
157506
10398
57182
148534
85460
10417
285203
56999
64857
158947
55117
1455
11248
3680
151354
63874
144165
25816
81621
219699
1307
1491
6563
11173
27086
84206
10186
55084
1832
4129
874
420
419
3852
56606
129080
136227
619279
128178
90226
64780
284654
57335
27303
54894
57710
11226
389558
114818
64764
3157
170692
27147
92745
4026
7733
3084
8659
118672
80031
57224
113791
29094
162515
57578
122616
84861
54033
285852
6432
147463
5596
79949
84632
3915
4139
79805
50649
57181
120071
60436
7780
54360
80157
80144
223075
84141
9938
114112
23150
85004
64753
126299
284340
23336
79088
170689
56204
135228
79012
10149
84456
55068
84189
340706
8516
338596
169611
165215
341640
90362
338322
114928
51554
9760
133584
54715
23127
55083
9651
375612
2047
135295
140862
79698
64711
644150
9752
55344
56271
147495
