1146
11318
57491
258
265
351
361
570
631
2658
786
793
825
759
763
844
886
1013
1006
820
23242
1690
1401
1755
1404
10047
1075
1600
1644
22943
1745
1750
1758
1823
1828
1833
1837
2038
2042
2153
8549
2257
2258
2565
2566
54332
2672
2694
2695
2778
2811
2835
2822
2891
2897
2911
2993
27022
3081
64399
3175
3206
3205
3213
6532
1993
1995
1996
9365
10661
3848
3851
8861
431707
56667
4148
284612
4317
2660
4547
4617
8736
4674
4778
4741
4807
4887
30010
5009
5075
5080
5100
5178
5251
5260
5304
5588
5569
5340
5407
5630
51268
5740
5741
5816
30062
6005
6098
6291
7857
2487
6441
6447
51046
6554
6569
6514
10568
9892
6662
6690
27290
6708
6707
6781
50511
6863
6899
6920
6943
83659
7137
7222
7276
7275
340260
7377
7348
51151
7429
7432
7545
59344
51166
10742
6000
11280
11199
2494
10998
55350
26548
8399
8653
10595
27283
114625
4958
8618
203447
10110
55504
56344
27329
57864
29970
11136
434
3078
7036
90161
165530
27255
10402
51179
27284
51208
26575
8988
51266
9211
56729
57393
51286
23704
342865
128414
51738
2161
27319
51676
219793
389125
165679
79853
146456
200504
649458
6588
54474
92565
55195
10486
115827
112817
81833
8513
23439
347273
130733
64081
149465
55530
219537
168544
89870
140462
643037
646960
54959
150465
312
392465
142689
84466
63976
8942
22915
85438
387837
83876
255631
54857
91464
80117
79623
84866
1370
220001
146845
126306
132204
257629
79799
284422
729767
9068
79962
84251
131034
54852
10777
29958
134526
79442
340024
100130771
83657
257202
203286
9024
60677
140458
11330
138046
114798
744
221303
23281
155006
2315
646424
11189
284023
80975
392780
55363
29121
55061
133308
64922
23261
284366
54716
319
2731
64843
10249
114905
651
1608
5367
732
2900
5146
10894
80821
79870
10643
3781
81031
7512
27113
23209
932
221527
55036
390598
92293
401013
577
5101
91807
203430
9581
93649
245806
347731
23305
10966
137735
80728
93109
219770
9480
10655
55532
1373
92737
353189
10444
78997
128553
731
4878
55584
201780
6529
8972
478
283899
50863
399949
347404
246329
29881
9472
26059
340419
10584
23780
253559
171019
387700
5314
57144
151742
195814
257019
386617
253017
57616
116966
29070
401265
85443
55026
6003
116842
3747
338811
6092
153769
26038
146395
254240
54886
8499
399947
6906
375189
83857
