177
215
337
540
353500
770
1649
1749
117531
9149
9427
2016
2129
2299
2538
2786
610
3087
3200
3868
4281
4336
4352
4504
5232
5579
5803
6017
5430
6274
23309
6654
729014
10062
118471
2829
8431
130497
6363
2104
9454
81849
8170
10368
148281
10612
165721
55586
266812
24146
4298
51373
55290
79370
8858
55296
116173
56605
136242
80774
220082
25789
50632
79933
440955
27177
254170
203074
26256
23092
255324
84961
128602
50859
729756
163087
150372
283385
94134
127003
4025
81706
135927
135886
84236
64800
80034
140880
228
57731
84662
3273
11309
79631
55128
55086
10886
9247
10817
11045
1208
1801
116285
171024
84816
54955
10195
84699
127733
152185
50506
133396
116369
128859
149420
22953
285966
55655
64763
2823
166655
10391
83597
91523
57699
9507
55693
4544
64127
393046
390166
80221
8904
284297
57526
3696
55231
