33
114
123
230
384
10079
567
596
760
765
766
834
837
120329
1500
953
999
1154
1159
9076
1191
1301
1297
1311
1356
1362
8738
1446
1447
317712
286828
1448
1512
1520
1655
2064
2152
10211
2348
2591
2625
2633
10314
9957
345611
3434
3483
3906
290
3929
51176
5698
5696
4057
9173
4071
4124
4152
4240
163351
4599
57575
5284
5295
8395
9600
3959
5610
6285
11341
6372
6430
6441
8869
10478
1318
6692
6720
6737
6773
6891
22822
8993
7164
11277
7018
23558
7494
7498
7532
11274
26960
10955
58473
11172
10447
4241
29761
2182
10267
80014
55062
642843
9636
8935
115361
103
5030
91543
81030
26998
29126
81
114876
9111
80762
84418
90701
55101
84641
51246
5201
54941
352999
64108
10577
10200
55034
9914
27013
81563
684
200634
3430
79627
9728
84293
28970
23767
23254
64135
57698
25989
80310
55959
978
51094
283635
91862
7318
54751
153830
123036
116071
387751
197259
5291
128866
55286
349633
83666
5874
57381
9590
8309
57717
23042
10190
23677
9712
56944
10561
55107
84299
2731
11135
23348
134265
6050
94240
375035
3431
64078
6160
4585
93185
92211
89932
3691
29841
54757
219285
9788
137835
53833
55080
956
8566
8835
3131
55640
221692
1611
84926
200958
5024
57761
85441
22996
347735
55601
10149
146857
8516
63950
64761
54502
4939
6760
23230
147798
11094
81844
497661
54625
