43
93
141
158
207
309
1173
322
333
375
382
8153
487
506
526
578
11331
10295
9274
682
827
832
847
896
7203
1019
1020
8941
1052
1059
1119
1196
1291
1297
1277
9564
1414
28988
1639
1642
1650
3177
1674
8694
1785
1819
1938
1999
2011
2021
2063
53335
51466
2139
8789
5496
23770
6046
2548
2648
2767
2783
2877
2878
2901
2906
2896
2968
2969
9146
3158
3191
3265
3276
3326
9592
3485
3611
3727
3827
3880
9138
3929
8861
1939
64211
4000
4005
4054
4057
4097
53615
6520
4221
4245
65108
4324
23645
10397
4723
4784
1728
23636
10514
5034
5094
5178
5211
5216
5315
5331
5476
5499
5516
5657
9266
5705
51268
5725
5795
5837
5972
5976
5987
10856
6301
9092
6597
6598
9343
6628
6659
22928
949
6723
412
6829
6837
6855
9013
6929
6944
7343
7075
10155
10245
55858
7018
5709
7277
10382
8078
83549
7376
7392
7407
11311
7515
161882
57175
8815
9219
9862
5704
10067
9526
10616
11197
2101
79068
5605
10101
9555
9368
6132
29117
27095
1468
11267
9136
56061
25844
741
6525
26517
6468
27433
274
7064
10908
25804
51621
5518
10445
8536
57862
10423
10452
8398
10801
8874
10121
51599
10126
9435
1912
537
341359
22985
6182
8260
2874
402
6811
11070
64175
26133
11165
5531
8531
5832
1209
23787
9415
2535
4059
8703
64919
51329
26020
51776
513
55748
147807
55365
8665
64777
51073
25796
23640
10102
27166
55004
2193
28989
56259
11060
126208
128637
56949
28987
51596
26073
161424
84245
553115
10755
80305
116224
29997
54433
8189
79176
79002
57153
115992
64118
79863
55833
54808
54870
27304
148738
10540
51154
64943
26528
23510
81577
84159
5754
10133
80198
51477
80222
29948
54785
79587
64426
9798
28511
79039
56006
124565
11054
339123
131377
219
83693
26229
55160
51428
57470
79095
83541
6397
9361
10300
79586
30827
54541
1718
55716
57190
221938
128866
81857
1975
55286
170463
65992
84364
79142
4731
25904
126353
51604
65993
26168
26353
379
56893
81554
80142
54972
399665
64949
9777
54707
79050
83743
80011
55625
23395
7283
1453
2622
399909
25930
27254
9524
54663
83638
55048
5298
6472
6499
7307
471
79080
55210
55920
80789
435
10919
5226
112398
533
140467
10642
23654
78987
4597
10594
29959
124997
79154
79643
79888
90379
54862
55621
30000
9532
56649
81558
6051
81926
92979
23326
1107
23135
54475
91107
201255
28951
79683
114781
81794
7917
55362
6294
115701
78999
51035
23082
10120
14
392
57617
54498
79716
10489
576
347735
7780
56257
57787
284352
126299
9640
2975
9810
16
58499
1870
51333
5681
55700
124801
3418
1984
115950
50512
22859
29925
266629
55968
56901
118442
