337
1436
1447
1523
2129
2155
2299
2780
3990
3480
972
339855
9261
4653
63908
5232
9463
5579
5699
5803
6263
6338
23309
7015
7016
51368
118471
51393
6363
225
81849
8170
27120
148281
10563
10612
165721
55879
55176
53822
83714
51373
55290
404220
79370
10953
55296
56605
253512
23092
414301
255324
65084
84321
163087
94134
79814
81706
3992
135927
84236
23553
64800
6305
60682
55128
55086
23335
389015
1801
64699
23678
317703
10195
84699
152185
50506
23060
9572
84445
163778
149420
285966
83546
54549
91523
9507
8904
284297
3696
727910
