101
196
222
244
301
383
390
639
655
666
683
710
715
831
860
1009
1026
1294
1308
1428
1475
1545
1634
1672
1734
1823
1824
1832
1839
1893
1906
1992
2125
2171
2192
2200
2709
2919
2941
3038
3371
3400
3553
3569
3575
3624
3664
3713
3852
3854
3860
3861
3868
3872
3881
3882
3885
3886
3909
3958
3963
4057
4070
4084
4094
4210
4314
4319
4321
4322
4488
4585
4973
5017
5069
5157
5210
5268
5275
5317
5358
5366
5473
5493
5653
5654
5743
5744
5783
5803
5919
6091
6274
6277
6279
6280
6318
6347
6348
6351
6591
6698
6699
7078
7851
8581
8689
8909
9022
9119
9123
9314
9420
9446
9620
9982
10089
10326
10457
10468
10631
10804
11167
11197
22801
22949
23052
23612
23650
25890
25928
26002
26525
27177
27179
43849
50805
53828
53836
54097
54544
55076
55203
55765
56300
56649
57016
57152
57214
60370
64065
64332
64581
79136
79623
79755
79852
79887
79919
80149
80157
83648
83896
83902
84141
84168
84189
84290
84518
84560
84624
85004
89778
90865
91734
92736
115572
121214
123099
127534
130576
139818
144501
147495
148741
149708
151354
151516
155006
162605
221393
255239
255324
284110
284486
337879
338322
338339
338442
339479
342574
353143
353288
374897
387758
388533
388697
388818
389389
390928
442388
653325
730249
768239
