101
133
148
157
185
214
238
379
481
627
664
667
688
727
999
1001
1026
1271
1305
1396
1510
1514
1634
1672
1780
1833
1893
2069
2103
2150
2152
2153
2244
2258
2274
2277
2327
2328
2335
2572
2729
2878
2936
3091
3169
3175
3212
3248
3399
3620
3694
3698
3717
3790
3866
3895
3958
4052
4065
4121
4131
4248
4319
4435
4488
4489
4602
4914
4973
5017
5068
5149
5172
5362
5366
5420
5597
5743
5997
6324
6337
6369
6446
6691
6698
6704
6713
6833
6899
7166
7225
7450
7534
7582
7850
8322
8396
8399
8763
8809
8835
9066
9074
9108
9215
9353
9480
9663
9699
9843
9992
10326
10397
10439
10457
10478
10486
10538
10874
10894
11221
11237
23094
23231
23423
25790
27019
27111
27123
27165
27324
50814
50853
51100
51366
51701
53828
54097
54361
54810
54852
55276
55359
56154
56243
56667
56853
57016
60675
63950
79672
79772
80307
80323
80736
80760
80763
81558
81833
83641
83648
84189
84709
84879
90019
93010
94025
113278
114793
114801
116151
117154
122481
126410
127534
128674
130814
131583
133690
136306
139221
140609
147372
148534
148641
151556
152189
154141
157285
164656
166012
166824
166929
170954
219287
219348
219681
220441
221662
255324
283385
284904
337876
345079
374378
387700
388650
392617
613212
644890
