196
216
222
244
306
326
347
390
627
655
861
1001
1021
1026
1265
1272
1282
1294
1307
1308
1368
1490
1815
1906
1947
1959
1998
2051
2125
2134
2192
2203
2296
2743
2824
2941
3038
3400
3480
3624
3625
3664
3680
3714
3797
3833
3852
3854
3855
3861
3963
4001
4070
4129
4147
4222
4232
4248
4256
4286
4323
4356
4602
4693
5010
5090
5156
5167
5270
5317
5450
5521
5732
5783
5803
5915
6091
6297
6517
6563
6591
6698
6833
6925
7022
7042
7424
7464
7471
7780
7851
8412
8434
8507
8537
8543
8544
8549
8572
8581
8613
8785
8848
9314
9353
9580
9620
9865
10123
10206
10468
10610
10659
10670
10742
10769
10913
11197
22801
23127
23136
23255
23318
23321
23331
23566
23650
23670
25805
25928
25984
26002
26010
26230
27022
27075
28514
30811
50619
50805
51176
51232
51339
53335
54541
54757
54852
54894
55084
55503
55504
55540
55901
56034
56271
56603
56606
57224
57447
57556
57578
57604
64065
64780
64864
64919
79136
79919
79949
80144
80157
80781
83659
83694
83992
84168
84206
84417
84433
84632
84722
84858
84879
85004
85407
85409
89778
91828
114928
120071
121227
121665
129080
130576
132204
133584
144165
144402
144501
147495
151354
151393
151516
155006
160335
162515
165215
166647
170689
170692
220382
245973
256691
256714
284340
285203
338322
338596
339977
341640
375612
387718
387758
389058
389084
389816
404550
441478
494470
619279
641371
644150
