107
249
675
694
1438
1499
1525
1749
2001
2129
2155
2538
2676
2823
2824
2904
2982
3170
3625
3696
3815
3990
3992
4176
4212
4214
4436
4653
4761
4774
4851
4855
4864
5635
5803
5998
6051
6170
6263
6363
6376
6423
6495
6509
7015
7102
7159
7263
7549
7580
7732
7738
7743
7913
8507
8515
8904
9261
9415
9507
9543
9580
9630
9751
9753
9823
9855
9987
10040
10195
10360
10605
10606
10891
10953
11061
11227
23092
23097
23195
23309
23318
23348
23450
23462
23493
23576
23670
25789
25805
25861
26012
27085
29995
50506
50863
51053
51157
51196
51285
51302
51309
51373
51393
51566
51567
54059
54549
54622
54627
55086
55128
55296
55357
55626
55854
56605
56977
57604
60682
64375
64699
64983
79101
79370
79814
79957
80125
80221
81572
81697
81706
81849
83543
83546
83890
84069
84219
84662
84699
90362
91107
91523
92521
92667
94134
114789
115111
125931
129563
134187
135927
136647
140465
140699
140700
140890
143279
148281
152485
154007
155006
155465
158947
159371
163087
163486
165721
166614
170689
203074
220082
220382
222553
255324
257202
257629
317703
338596
343990
345778
389015
401541
441478
442038
494470
644150
727910
