415116
653319
286410
157570
221496
387751
259266
30011
201134
94240
64946
373863
360023
347735
11274
642843
138065
151648
85441
59349
134429
197259
118442
256126
283635
340348
144233
345079
147841
130617
51809
115004
343099
27301
128866
24137
81930
132660
116987
195828
122769
124222
113452
254042
127829
91687
255104
220134
150275
729082
126961
80714
147015
282809
58530
125488
57761
29127
53820
93550
55930
84930
92714
23677
126282
122060
90637
121642
80307
26586
64418
221150
83660
7572
114569
57082
91137
79075
122481
151295
157313
4301
84641
126731
93323
81620
54566
134218
79366
26298
56649
6242
64220
150084
50853
9837
79980
200958
56474
7913
113230
27134
103
124056
8697
64785
2332
26022
51455
91543
1512
84152
94104
3475
90506
84289
2877
51302
7171
3706
63979
1192
55388
83540
114884
151176
25778
29766
26960
54453
93210
6505
80195
91431
23327
3321
56975
377
9252
8086
538
6018
113130
51203
26173
7301
84418
134121
23043
3833
151556
5613
2491
84529
81844
8407
10209
26502
57530
83990
1366
10317
91057
3627
8914
9414
63897
3070
83463
760
11198
56853
3192
10114
8243
4678
10948
79830
2710
4860
5427
340277
5214
7013
7083
55055
10775
22905
22974
64151
9644
4085
57405
1654
3005
4175
6118
8573
6877
55509
200894
2580
10844
57698
51706
2781
4240
5050
2245
4585
9525
10673
23234
4939
8638
9355
146956
6183
23512
25932
51634
4001
5814
8351
2013
8859
10494
79627
706
3267
54969
55630
55765
1111
4998
5284
5704
6941
51081
4534
5933
9585
29899
840
11077
54842
84102
113402
1446
5165
23594
490
3930
5365
6441
55247
57650
81563
90459
11020
23178
23466
4796
79576
79733
333
1719
3431
4752
10051
5771
5888
6790
64108
3150
6726
10733
90417
11127
51768
57489
79031
1959
6632
9212
890
1907
2068
2671
5111
5558
6833
7533
9768
55349
55872
269
10409
10635
54892
57613
1075
1859
2189
2842
5522
7498
8208
27076
672
6692
23643
56941
5985
8318
9735
10592
25989
51601
55294
55732
79915
929
55023
55215
641
51155
55599
55818
79000
1032
1326
7468
8496
29950
1163
7884
9183
999
2643
23438
51053
79802
1812
2305
8526
10565
26271
54935
55696
79682
1786
80169
84904
85414
307
9131
23138
51430
93185
2152
5498
9156
10293
57381
79709
84617
1763
3978
5336
9088
9493
9712
22875
27111
55849
8993
10926
11168
51133
2125
2224
7422
7443
29980
54780
58509
79959
29107
55329
55573
4152
4841
8189
8553
9111
10095
55911
84083
2107
6772
9016
55165
55197
1495
9807
23310
25896
57472
5597
10478
23294
29883
55143
58493
84872
84888
4070
5150
5870
6617
7407
10036
23163
51691
54821
113115
200879
1999
4664
5757
54801
84515
1894
2176
4651
10447
10552
51186
55683
79789
978
1946
3607
4058
9064
9076
10024
55131
56929
80157
6672
6993
10189
10460
10915
23569
79948
961
1316
1356
1839
1849
9043
10625
23224
25913
29097
30001
51043
55183
79902
86
481
1063
5413
6489
6683
7004
7398
9034
9055
9516
9824
10200
23580
25923
29080
79780
81611
95
4931
9636
10907
11190
55723
114876
971
6498
7164
11066
22898
54962
84073
2146
4645
5359
7153
10397
10403
10472
29091
29760
54815
54836
55125
55159
55593
79621
1027
3622
3925
7159
23589
50848
54930
81839
836
995
6768
7464
8492
9833
51199
638
990
1072
3619
5885
6874
7298
9180
10549
11074
55193
58490
63976
64105
79072
79912
84080
116984
5422
5424
5931
6872
8187
9053
29089
55327
79778
83461
332
993
994
1062
1958
3148
3149
3832
4057
4171
4172
4173
4174
4751
5426
5557
5756
5984
6240
6241
8317
8572
9015
9130
10471
11073
25777
55196
55731
57697
81610
85440
94239
729956
