494470
644150
441478
401541
222553
170689
285966
347733
374907
256987
619279
317703
29999
94134
203074
65266
11061
338596
84978
143279
155006
122060
136647
128602
115286
118471
165721
57699
163087
112399
140890
160728
60682
126353
23670
168667
345778
134187
132204
81849
27324
255324
153364
149420
283078
51747
220988
152185
92521
148281
151050
63027
29015
159371
284695
90362
80318
26056
220382
81029
91768
401013
50506
121551
6509
56977
54059
53335
93664
285527
140465
158947
125931
136227
91107
160335
79370
7743
56605
83714
56256
64375
26751
55296
114789
1101
4869
135927
8904
55959
64105
54822
133923
10238
91523
53822
84466
2307
55626
92304
4436
8293
132001
60481
2983
64800
5318
65084
27143
51567
8671
54622
115111
51393
79957
83546
1525
2824
7580
10612
23097
3248
5655
22906
3480
84321
81706
2155
4071
84699
2538
81572
760
6173
4214
892
8543
107
7424
9630
84069
3696
57486
5803
490
1801
7159
4673
64983
10953
80221
7328
80125
57604
8200
5563
23462
4345
51196
2045
3398
1021
3992
4774
10529
10814
5915
54549
337
3625
84250
3178
6426
79888
408
6051
9890
84894
3880
9507
51309
5169
5500
9261
10891
1410
23389
2676
9201
10040
23576
55231
79755
6305
7016
8848
51101
79832
622
25957
7274
5998
9987
55861
1749
22854
23250
1906
84838
288
5268
25876
27085
51053
55128
6376
9368
1956
8125
10769
55914
2736
2780
9463
9586
64718
10152
10195
84193
9781
55086
694
2001
23052
64065
249
9851
51157
6119
9425
64762
3843
8507
25789
25825
3957
10494
23635
51020
55198
1687
7127
7549
1719
9751
9957
23318
7073
25928
3815
4645
9823
10124
734
1499
2129
5232
7102
9324
26031
10100
54799
23554
55176
8170
51373
230
9349
23360
26012
1471
79814
51285
84961
595
25861
476
6495
9572
57472
84236
6157
6363
610
677
3945
23348
23450
2296
5257
7263
1489
8190
9415
23379
4855
11052
23309
27134
3170
5990
23301
51302
55854
10606
55290
84888
689
4864
7738
8502
23092
2041
29995
84189
4851
6170
6423
7546
25925
64062
4212
2982
4854
5317
7015
11051
51566
57471
79754
727910
