23
120
158
166
360
399
406
472
476
596
814
841
894
914
915
916
917
919
921
923
939
940
944
955
1107
1236
1455
1477
1493
1540
1606
1643
1778
1936
2071
2073
2113
2145
2308
2534
2580
2617
2625
3097
3268
3337
3384
3396
3561
3572
3575
3603
3655
3661
3695
3702
3707
3738
3932
3985
4063
4068
4216
4242
4552
4676
4775
4798
4839
4891
4926
5001
5140
5144
5293
5297
5335
5527
5528
5578
5583
5588
5727
5965
6095
6117
6197
6232
6301
6304
6415
6448
6489
6504
6609
6709
6772
6777
6829
6932
7049
7174
7277
7294
7433
7535
7597
7841
8216
8445
8449
8480
8514
8525
8631
8651
8718
8720
8821
8871
8888
8890
8893
8906
9047
9057
9267
9368
9402
9452
9730
9903
9913
9919
9923
10048
10123
10125
10225
10235
10291
10531
10641
10666
10671
10723
10767
10801
10868
10947
10985
11059
11123
11322
11329
11336
22859
22887
22890
22993
23033
23046
23214
23215
23248
23338
23344
23348
23352
23368
23370
23381
23484
23492
23523
23526
23774
24148
25777
25948
25996
26009
26018
26119
26207
26249
27040
27240
27347
28951
28984
29851
29980
50852
51070
51174
51176
51185
51367
51466
51531
51586
51654
51669
51696
51735
51761
53347
54093
54509
54541
54606
54870
54941
55037
55049
55080
55102
55127
55253
55275
55303
55324
55623
55667
55695
55703
55795
56829
56948
56965
57062
57185
57194
57198
59307
60487
63892
64132
64210
64425
64601
64745
64750
64784
64919
65083
65983
79573
79595
79695
79726
79913
79918
79961
79991
80007
80152
80198
80335
80342
80762
81606
84162
84859
89941
93210
113791
117246
120526
399665
474344
1039
23020
50649
55718
55843
6687
7067
7267
9138
926
9906
101060399
101929240
101930241
101060521
101928361
101930112
9572
286495
100505585
100996919
728661
