34
284
328
332
402
444
501
594
667
672
701
759
760
783
835
947
983
1017
1019
1021
1063
1111
1163
1312
1503
1523
1602
1635
1718
1793
1854
1869
1876
1892
1954
1964
2078
2099
2119
2120
2135
2237
2288
2356
2553
2624
2677
2766
2887
2954
2956
2982
3012
3033
3068
3070
3131
3146
3161
3182
3192
3202
3251
3276
3329
3382
3418
3480
3608
3613
3615
3815
3832
3843
3925
3998
4005
4076
4085
4171
4172
4211
4352
4353
4363
4522
4602
4613
4628
4692
4734
4778
4800
4833
5023
5087
5111
5198
5213
5311
5321
5324
5332
5422
5425
5427
5523
5557
5577
5977
5983
5985
6453
6491
6595
6599
6632
6652
6659
6767
6790
6886
7029
7035
7036
7075
7105
7106
7158
7205
7298
7372
7389
7416
7485
7504
7531
7586
8031
8091
8204
8243
8317
8323
8476
8508
8578
8624
8645
8722
8727
8848
8971
9053
9203
9289
9319
9352
9500
9508
9555
9643
9761
9767
9787
9829
9985
10040
10155
10165
10203
10217
10247
10282
10314
10477
10493
10549
10591
10592
10606
10733
10788
10856
10857
10951
11130
11167
11169
11200
11328
11335
22823
22836
22915
22955
23093
23111
23243
23294
23468
23556
23621
23635
23682
25966
26227
26586
27018
27346
29105
29803
29902
30968
50810
51097
51098
51118
51134
51144
51186
51203
51205
51309
51514
51566
51603
51659
51768
54433
54470
54517
54682
54874
54962
55128
55164
55165
55197
55326
55652
55746
55759
55907
56925
57088
57597
60496
63826
64087
64754
64798
64866
79000
79004
79023
79070
79071
79077
79896
80177
80823
84790
84823
90861
92579
94239
114876
117178
200081
284119
441024
11113
1500
205
378708
3992
54930
5867
6573
7982
8339
861
100302274
100528016
100507855
100526739
100302263
100616424
10638
101928717
93655
8343
100506403
102466616
8344
101928269
8346
8347
