19
330
489
605
640
643
695
930
931
933
951
958
971
972
973
974
1185
1235
1380
1387
1456
1657
1960
2181
2185
2208
2841
2872
2889
3280
3399
3592
3662
3708
3915
4033
4064
4208
4209
4214
4641
5079
5106
5142
5287
5290
5336
5451
5452
5530
5579
5777
5925
5966
5993
6480
6565
6598
6643
6689
6721
6850
6925
6929
6949
7187
7430
7799
7942
8202
8527
8564
8930
8942
9015
9026
9135
9308
9450
9451
9467
9640
9657
9665
9681
9711
9734
9779
9788
9873
9896
9922
10193
10447
10564
11108
11142
22837
22876
22898
22906
23035
23062
23075
23216
23325
23411
23495
23515
23596
24149
25780
26040
26051
26228
27314
27334
29116
29760
29802
50618
51284
51363
51585
53335
54468
54920
55016
55024
55114
55149
55278
55500
55565
55589
55702
55788
57102
57157
57396
58513
59339
59342
60468
60485
64376
64783
64853
65117
65986
79161
79365
79591
79600
79622
79651
79874
80021
80183
80221
80237
83478
84159
160518
200576
201895
221037
221749
283232
5450
9712
101928620
100507213
