1763
51175
11065
7083
10293
54892
343099
3925
1786
3978
5424
8914
9088
84080
4796
64785
7884
259266
3832
26586
81610
157313
84930
10051
151246
9585
10592
57082
132320
84904
9918
5111
9735
24137
6241
2146
10635
27085
5422
55789
55872
7272
29899
991
1058
1854
4173
4171
81620
4174
55723
54821
990
64946
9837
5557
5985
6240
641
83540
4751
4998
2491
113130
3619
9212
5426
23178
8208
6941
4175
4172
55732
55388
332
1063
1062
57650
55165
79801
699
1894
151648
5888
29089
9156
701
51203
6790
672
22974
995
29127
9833
890
9824
9055
9133
9319
113115
10460
8697
55143
5347
55215
79075
10733
7298
83461
11073
26271
3070
7153
79733
63979
51512
79980
91687
81930
84515
4085
64151
54962
3148
1111
6118
8318
221150
899
10036
6839
79000
51634
5933
10926
220134
891
1164
401541
983
57405
5983
147841
83990
1719
