445815
283824
200230
400949
157381
85027
255812
352954
128077
30011
64857
388397
11278
118429
378805
348013
153129
114793
60489
80212
25900
57724
23635
51621
29005
56548
55553
63925
54808
53827
5786
83478
10409
50999
6609
4205
2677
50515
8034
79686
84656
3839
976
2014
7431
8913
54541
8609
9181
29
5187
7798
57492
7204
4907
2314
84441
9448
3454
694
10209
274
3257
10019
23157
84260
9839
3663
490
1499
2534
9697
23338
1879
5530
11044
1373
23511
1643
4798
1268
64754
84159
8522
22993
894
1759
5662
5452
6483
56478
80144
11217
636
6556
7750
5141
7704
23112
5742
8869
11173
1840
9659
83442
114757
23479
23077
5430
2289
473
79670
5128
8509
9435
28996
23105
2308
9444
572558
