440335
553158
317762
403313
284106
222484
163183
260425
92689
200634
126695
29841
64699
10551
642649
157638
59277
195814
85415
119391
257019
148327
116441
80747
400793
51686
23779
124739
114569
155465
27134
154043
255743
7227
89891
123099
152485
151473
2651
26273
28981
57669
91057
5618
58492
1154
80018
8470
56256
64147
2122
124220
6405
51155
84918
5087
153562
79191
4301
9633
283554
57101
91862
9223
84144
83543
54069
3714
157313
6920
50848
4775
55971
54566
53832
25853
55740
55329
83940
54845
26084
84733
10207
79805
10380
55105
92421
653108
23649
92291
4173
92565
54443
84612
283987
79075
1040
55630
10100
56995
23554
56906
1906
4086
57535
79674
55040
123036
3652
83481
642587
84553
2065
55552
55276
25803
79755
5570
9175
79977
57630
1993
2029
4059
51659
79056
55614
56243
57619
5074
54836
55607
57530
79669
5083
4774
653249
