51393
9507
5803
118471
84699
81706
163087
64800
148281
23309
51373
55290
8170
50506
10612
55128
79814
2538
337
133923
6338
414301
23678
2242
79490
1261
403282
219429
393046
79370
5579
203074
3696
94134
55296
55086
163778
9261
84321
55879
1801
56605
165721
149420
2129
8904
5232
81849
7015
317703
2780
152185
6263
23092
84236
2299
389015
83546
135927
10195
284297
53822
9463
2155
4653
339855
54549
83714
7016
3990
91523
6305
1581
64699
57030
1523
2670
23335
23553
23060
404220
60682
255324
63908
220082
10953
727910
285966
116173
137797
93979
286256
729014
55357
89797
10164
341880
442038
25789
5990
266812
610
55231
6274
9572
253512
