7268
9070
6206
5471
23195
10436
9255
29087
84924
84164
79622
91272
51550
771
3416
3313
10989
9512
56910
498
65003
84340
57103
10622
11222
55173
25940
5631
29078
80273
54948
54853
51056
7371
10138
28998
221656
55969
84908
131076
6637
51690
84154
26610
54471
57461
1802
4968
84310
128061
79018
51082
2342
10576
55623
84991
10196
285855
51633
54680
6882
55017
55319
1965
29968
1207
10728
3183
8819
80185
84916
3843
4673
54819
1662
8624
3364
11260
3178
117246
6897
22948
84365
51018
55646
84128
51602
9631
79066
25926
51118
51386
51605
51184
9804
51388
348995
1678
55651
84240
11137
84298
10944
10294
6124
6157
9349
116143
64979
55505
29093
10600
54148
3422
51377
4869
64425
93587
8518
55781
26503
10827
9789
85021
8030
84301
23016
7375
4292
8994
6431
26130
51692
84317
5663
79726
22879
54503
7818
55239
5713
1477
55729
51491
283459
92667
87178
10153
58500
9896
2961
