54934
7296
10160
10548
23028
6429
90861
166793
23186
9810
84108
9937
4601
5576
78991
79714
2671
51477
5657
56061
65123
55734
126526
5514
84271
27293
54707
60673
7709
5571
79643
4141
2193
57407
126549
10535
51531
84440
283643
1e+08
9942
84545
25864
7866
3613
201266
27433
2805
5831
25996
51573
10105
8260
10430
517
516
5250
170463
196410
23508
81579
6400
3098
1975
4047
9532
5832
51060
1119
51463
58477
7265
79084
23753
25821
83642
1468
51102
140735
84245
55163
84313
28511
26073
1938
65993
10058
10295
55178
55891
203054
10020
51006
80305
435
55275
6183
79796
51078
5859
124221
27343
81890
84320
28991
51303
29920
169714
83475
23647
56005
85442
84135
23076
9221
1789
4522
164592
10963
9775
6117
84262
5822
85395
25804
6626
79080
115708
79697
55226
28989
64118
116447
91582
23246
79159
65263
7965
26121
3177
4839
56342
790
10514
27346
708
25929
29098
54475
7064
6723
23212
161424
9929
29781
3014
23082
90850
79034
5982
80178
129138
79879
57470
55833
80789
2968
55920
26528
10856
9904
23170
79050
3297
7374
10432
23513
9733
79039
79102
83855
5725
65095
8480
9361
57026
55735
8565
29894
317781
9092
22827
10454
8662
6829
22794
2648
10541
81554
84842
80324
29777
2356
56893
23367
5093
51729
132001
7023
140707
23225
84306
64963
124641
7264
29928
23587
5435
23464
9894
57176
79663
6847
27165
6721
191
27351
9232
5439
