7852
925
3672
100
355
640
643
911
912
914
916
917
921
924
926
930
931
939
941
942
952
961
970
974
1230
1233
1234
1493
1803
1958
2150
2833
3458
3459
3558
3562
3565
3566
3567
3589
3592
3593
3594
3595
3596
3597
3598
3606
3620
3627
3659
3662
3902
3932
3936
4094
4283
5663
5664
5788
5896
6194
6373
6376
6556
6775
6778
7157
8320
8651
8740
8764
8807
8809
8995
10859
10995
23308
29126
30009
50943
57379
201633
4072
135
608
758
909
910
923
968
1118
1380
1440
2130
2162
2527
2625
2975
2999
3001
3002
3003
3004
3290
3563
3802
3804
3806
3811
3812
3813
3815
3820
3821
3822
3824
3904
3976
4058
4087
4311
4481
4747
5008
5367
6097
6236
7177
7755
8287
8398
8829
9437
9638
10000
10219
10538
10541
11251
22914
23348
23765
27074
29851
30835
50615
51348
51760
55512
56034
84868
85021
115653
151888
445347
100133046
