7852
643
1230
1233
2833
3598
3627
3659
4283
6373
6376
6775
6778
10995
3820
1088
2
708
1232
1236
1240
1439
1524
2206
2829
2919
2920
2921
3394
3428
3429
3430
3433
3434
3455
3553
3561
3572
3576
3577
3579
3590
3601
3609
3660
4049
4055
5473
5696
6346
6347
6348
6351
6352
6354
6355
6356
6357
6358
6359
6360
6361
6362
6363
6364
6366
6367
6368
6369
6370
6372
6374
6387
6772
6773
6774
6777
6846
7132
7133
7292
8374
8375
8742
9034
9235
9547
9966
10344
10563
10663
10850
23495
27190
29949
51192
55540
56477
58191
58985
116379
282616
