3553
3576
3627
7297
1511
3592
3802
3804
3806
3811
3812
3813
3821
3824
10219
22914
1437
3567
3565
3600
7040
3105
3106
3107
1230
1233
3558
8740
8743
3716
3717
3718
7852
3659
4283
6775
6778
1236
2919
2920
2921
3394
3577
3579
3660
6348
6351
6355
6360
6363
6366
6368
6369
6372
6772
6773
6774
6777
355
917
921
924
926
930
941
942
952
961
1803
3562
3662
3902
3932
8764
10859
23308
30009
7057
25
581
637
836
1026
3108
3383
3384
3385
3386
3676
3683
3688
3689
7412
259
604
718
719
861
864
915
919
947
958
959
975
999
1215
1281
1959
1991
2207
2213
2214
3133
3135
3146
3559
3635
4067
4088
4276
4277
4345
4772
4773
4775
4851
5133
5319
5817
5966
5971
6095
6401
6402
6693
6886
6932
8519
8741
10225
10288
10603
10673
10849
11005
11024
11025
11126
80328
80381
84433
115650
120425
261728
337949
100129668
100507436
