84448
133
10598
210
262
129138
23647
90423
4059
7832
79133
84996
51300
84733
165055
83879
64866
64946
10428
1111
26511
26973
1356
1408
8453
1788
29980
1843
30001
2151
90268
79696
202309
64785
2863
3014
3066
55355
3099
3145
3295
3336
11185
23030
23588
388152
727896
7804
2615
23324
4126
51072
84953
22915
92345
4675
65009
23594
117583
5087
5111
27250
80310
57026
5214
5230
5481
80243
5558
285282
5902
5912
55920
51639
284367
80736
10051
25803
54662
9519
7043
55901
80731
399474
56674
10612
55687
10867
9654
7329
7422
7436
8565
219654
80108
7705
221584
