283316
2212
241
8876
945
940
2213
55840
3937
3587
29760
64092
51167
3357
57217
9296
51284
84079
3684
55013
54504
23484
1230
6281
199857
9056
91851
6275
3682
6347
260293
23582
10673
644
114926
51411
962
7251
2745
8705
5184
2123
51635
122970
3936
63898
51371
80762
117289
6039
3920
199
9051
64333
55799
6348
1536
55322
89857
64976
9308
283078
7942
2124
6850
919
50856
968
6690
8843
25798
80342
64174
1612
51255
10904
4190
963
952
2239
2019
7454
3059
282969
51365
8417
1880
55089
6916
79145
27128
79953
84437
54952
2359
729515
653361
9182
5742
7409
51338
219833
50507
284013
11010
23547
669
4688
414328
83464
10553
27010
56000
5212
683
27287
54469
1407
272
55203
51071
9473
5169
6335
2628
84868
7850
3689
23136
5737
1396
9863
7098
5740
115286
2662
339390
8540
3269
85477
93589
51234
80231
29095
4129
2512
3045
130814
85013
929
5800
306
54968
4239
83658
719
7462
10476
5294
3570
9935
2100
6629
6622
4004
2533
3663
11309
3310
7096
1780
10981
3702
30009
4094
2038
7111
80896
11314
10333
4689
5788
22918
5027
90523
9340
1896
1435
1089
3108
55052
6495
6503
22797
53353
54491
9046
1029
23545
2246
22800
55808
11025
84448
285440
11026
221143
28974
57150
4481
9595
79166
55803
205251
3784
3055
5641
284942
79895
140
493861
51744
759
55328
55505
414308
58484
283
220213
133418
219855
10216
149351
284593
199221
284106
29919
1259
10638
646278
100289494
283481
644189
55016
11027
147525
100286909
84519
117854
100288911
128387
