72
241
273
641
699
768
891
1033
1123
1164
1407
1503
1719
1841
1848
1869
1879
2119
2167
2171
2258
2273
2357
2553
2633
2791
2919
2921
3091
3157
3161
3162
3224
3251
3418
3487
3569
3576
3638
3772
3848
3854
3885
3910
4001
4057
4060
4313
4605
4883
4953
5165
5168
5196
5270
5290
5332
5427
5468
5473
5507
5552
5732
5737
6241
6274
6279
6280
6317
6347
6364
6428
6495
6503
6615
6728
6781
6907
7083
7112
7123
7130
7272
7436
7584
7850
8038
8099
8187
8317
8318
8622
8988
9156
9315
9521
9589
9645
9787
10112
10151
10189
10216
10218
10302
10344
10376
10403
10615
10622
10631
10635
10652
10785
10962
11010
11013
11130
11199
22873
23480
23590
23594
23762
25791
26292
26577
27115
29128
29968
51512
51540
51645
51659
51700
51728
51805
53340
54210
54443
54478
54908
55022
55106
55143
55329
55355
55388
55635
55789
55859
56648
56992
57007
57207
57405
57520
64151
79366
79682
79801
79839
79899
80006
80833
81606
83540
84707
92086
116328
116461
152007
153218
157869
164781
191594
220988
254251
266812
283208
283459
284021
347902
353270
388962
404203
