10376
26255
9793
699
55635
54821
8317
9141
1054
1515
22948
54069
5888
4176
51659
55969
5688
11047
10213
10051
79801
9582
1869
8318
1062
51512
4605
3015
51514
9768
27338
83461
1894
55143
23397
10635
56992
10615
9700
4288
4751
7153
1033
6241
11130
3832
51203
983
9928
1063
259266
7272
9055
24137
9833
6790
55355
10112
11065
9133
11004
1058
22974
9787
9232
55165
991
29127
891
4085
10403
890
701
55872
3161
10460
2146
9212
4175
9156
4171
57405
9493
79019
10535
5984
1164
55723
7298
7083
54892
4001
3925
29899
5111
3833
55388
10024
54478
23594
9134
8438
10212
9837
84823
26271
1111
10682
898
641
7112
55839
10926
4174
8833
1503
4172
79733
990
9918
4839
