983
1164
2146
4085
4751
5984
6241
7153
7272
9055
699
1033
1058
3925
4436
5888
7298
54443
81620
113130
990
2237
2305
5885
8318
9319
24137
55143
890
1111
3619
3832
3833
4173
4288
4851
5982
5985
9787
11169
23234
23594
26586
51053
63979
1503
6790
29028
55872
375
1062
1063
1434
1515
2175
3066
4605
5692
6016
6280
6637
6732
7159
7804
8438
9156
9582
9603
10328
10403
10615
10926
23080
23560
25842
29089
29097
29127
29899
51182
51514
55110
55732
64785
79682
79723
83540
83879
84057
84319
94239
113115
259266
991
1717
1736
2956
7374
9833
11130
22948
22974
55165
55969
483
528
637
641
701
828
898
908
934
994
1029
1032
1104
1299
1366
1789
1802
1869
1871
2077
2189
3161
3251
3257
3710
3783
3796
3898
4001
4072
4097
4301
4312
4603
4686
4893
5017
5160
5194
5203
5217
5268
5464
5522
5591
5599
5613
5653
5688
5689
6279
6376
6382
6513
6648
6713
6742
6788
6905
6950
6996
7022
7164
7295
7336
7347
7371
7475
7718
7976
8317
8458
8505
8544
8581
8624
8634
8774
8812
8819
8836
8883
8884
8895
9019
9188
9238
9401
9474
9654
9712
9801
9816
9925
9933
10105
10128
10165
10247
10248
10279
10331
10380
10440
10460
10529
10531
10539
10694
10885
10953
10969
11082
11113
11116
11146
11332
22868
22929
23287
23350
23513
25788
25879
26271
26658
26986
27000
27074
27101
27130
27161
27300
27436
28977
28998
29128
29982
50617
50814
50848
51018
51021
51022
51027
51110
51114
51155
51337
51373
51377
51582
54069
54478
54503
54517
54619
54801
54845
54881
54972
55010
55257
55278
55326
55353
55355
55631
55635
55689
55706
55749
55789
55835
55972
56180
56256
56888
56907
56943
56954
56992
57111
57348
57405
57530
64105
64225
64901
64943
65109
79000
79005
79075
79169
79568
79651
79755
79832
79833
79866
80010
80020
80324
81611
81624
81831
81873
81929
83543
83940
84002
84365
84823
84832
84908
84933
84955
85453
90390
92140
114569
136647
137075
151194
151195
157378
195828
219790
219931
257000
284695
285367
286052
286075
286077
343099
348995
375035
388753
440712
