1535
5918
3486
6275
10232
218
6278
4582
12
794
4256
57016
6947
6286
1545
100134265
8644
8714
629
1346
29803
1109
8942
441282
51523
1672
8000
114897
3205
970
5069
54749
114783
79153
290
25797
55603
2167
768
260293
1066
1646
65108
1675
387568
6364
4833
85488
2634
3934
55353
400879
80115
604
155066
100131139
9121
2180
633
3689
10158
200634
3936
10628
84833
84419
445
9022
399696
404217
400916
929
93273
246261
10265
1382
563
5166
79007
130367
1244
2052
1734
54504
2495
342897
4982
1512
3613
1591
5270
4828
2888
55146
6876
9076
119548
56925
25805
10406
2247
1634
3206
192666
55790
91612
26471
255326
10135
4814
392871
23242
55349
5349
3382
10370
341405
79961
79746
1891
1728
642399
80117
3569
10020
90161
114907
10457
83543
64759
57106
8744
1295
653879
525
8612
4051
642567
135112
25818
146330
6279
6235
79901
25837
645553
4854
3866
6781
2729
4023
5753
100131187
26063
10608
7127
6158
54502
23321
133584
5552
221
84898
3318
65018
728294
652669
54843
84564
51192
760
6098
5142
1999
55890
9935
1509
9635
9518
10553
26999
1525
8613
5909
6280
8270
414
345557
634
30818
131616
27134
64116
5226
26577
23231
79191
27076
2065
26095
55076
389336
9627
9073
10058
23569
171426
57619
84159
2192
4061
5468
5002
734
85004
283316
25840
7096
28951
231
8463
718
2161
135932
4037
1528
2644
64747
114990
2203
876
84733
8878
494470
2564
3202
83986
284
2744
653499
6317
619383
1666
440160
126299
7425
8623
115265
51619
8508
51316
3158
57189
6164
2109
81533
441453
6817
79090
373173
4060
54578
10502
57556
2743
84189
1182
83719
267
144501
6907
1474
54836
83599
246777
146198
54681
25987
9245
57502
651524
1951
89122
665
7077
7915
79584
729985
10160
10979
54985
2191
54682
646836
64699
387825
654103
3006
4241
285095
4232
8269
7474
93622
643414
26579
353
23225
7108
147798
29952
4832
5066
10512
143888
22885
6480
1543
274
2110
79774
23580
6318
151473
4929
593
10276
10656
9523
81618
9536
4257
100133511
89944
373156
9368
8309
26191
79918
5653
10529
901
5125
1396
56034
4015
59
5445
653506
9122
10451
6648
284207
113655
95
7503
161882
50484
79400
26959
653924
51366
23089
63981
653778
2539
27189
7035
55074
4258
10449
7130
5170
84276
948
6695
2954
729660
224
8544
3822
2125
5595
4782
10966
1052
84331
53833
80307
3398
694
4924
649853
8996
374882
79716
10221
419
5522
11254
10998
80237
222658
54788
51092
