90139
121551
8601
55734
57718
8900
3221
5029
8990
112464
8480
25945
1434
118429
121273
7280
6665
9570
654121
65981
5238
652846
1272
11065
4494
3673
116092
3265
3556
29107
414305
728113
10257
7170
81849
4131
56924
6790
8465
284348
11199
10620
1947
5645
115825
4501
6238
10683
2280
90843
1294
80336
3755
6681
5621
60489
140567
7529
55190
170686
3433
8375
112616
4638
2297
144455
55038
6714
397
6002
23566
643752
8727
653145
357
131566
56606
26053
29775
2114
2149
6515
137392
2810
649679
8926
653110
255738
353175
55357
56259
8459
9424
5275
1687
140566
200316
1030
207107
54453
128767
7464
729682
11221
388610
9510
51524
6629
80008
10544
5744
55691
7039
3669
64129
84659
1075
22974
650517
1308
6850
6273
6638
729231
23670
652995
8626
4318
3491
8869
6674
8986
2869
11227
84632
58504
284756
1594
2769
2196
9957
11015
1318
1466
10098
22943
114548
326344
8460
3552
244
414306
8718
4897
3059
8835
8061
3434
8374
4495
3664
400745
7070
6228
54626
9788
9404
2313
54470
8771
51186
182
3715
9590
10019
65989
3854
3909
23180
57574
374918
55107
1992
3852
9956
956
558
84552
57636
80710
115207
51474
9636
348938
27116
55504
2952
5328
1647
29114
643272
7980
1029
8406
6591
116496
3853
3084
51303
3555
7850
8877
7057
6622
79413
114757
256691
22803
11098
91607
5997
55612
6678
7476
84617
1440
11009
9982
2150
26047
50863
1902
4128
3490
25914
8091
8728
55508
64167
651397
9638
11182
3170
64359
9048
5646
83595
8838
4507
5317
586
2201
28514
1809
4319
3038
3598
23682
10410
9651
2697
3861
140446
286887
3553
27122
10468
5055
894
4312
