28299
3437
3495
3507
3514
3500
3493
28944
8376
28224
28216
28945
652848
283650
28221
27331
931
961
963
1075
2533
2550
2633
2634
3002
3059
3106
3107
3108
3117
3119
3122
3134
3431
3561
3575
3620
3627
3937
4069
4283
4599
5341
5450
5552
5788
5918
6355
6373
6402
6772
6890
8519
8832
9235
9262
9447
9595
10561
10563
10964
11118
22806
23231
25939
28516
28639
28755
28797
28813
28823
28825
28826
28831
28834
28908
51316
54739
56833
56990
57823
64135
80833
81030
81704
83416
84166
84656
89857
113730
114769
115362
151636
157506
162394
219285
100423062
23157
260436
3512
50802
3535
