1116
3488
4629
4638
8572
27295
72
114907
25984
51285
3934
5166
1634
23336
10398
83716
7052
6876
23462
6663
1298
467
5549
84417
633
8324
59
6376
133
348
7018
140862
1907
51129
3437
1628
2633
23237
8613
165
9518
6515
58473
8660
1846
5507
7041
53826
4192
28959
249
710
23645
55679
57664
4311
83982
27063
6095
130497
7412
3487
85407
10628
901
10397
1287
11030
57451
9469
85004
25849
3866
6354
4189
9572
54206
4208
5806
5784
10912
3303
8987
9823
4345
64115
70
9625
3352
8785
115361
7057
346653
91768
10014
2934
23710
342667
9819
2719
3965
1284
627
309
64651
3959
3119
7022
8639
3162
2549
50805
3304
6387
7049
1282
6356
3006
6252
9173
83715
91179
23764
687
11274
54682
1307
7422
6645
9865
9509
55084
355
51676
2246
4313
9510
1490
11245
8864
5228
9636
80824
143279
10335
7097
25819
91543
7070
9547
84168
29923
84441
972
1649
3672
4616
83439
7436
79660
1364
5873
3429
5295
2006
81029
157869
2266
6352
10580
1850
6361
6347
441376
6520
116143
386618
50507
7043
8291
8082
9750
8190
4054
84935
116496
