3854
11202
3853
6699
255324
11009
388533
23166
93099
64943
285973
414325
5173
284254
54361
374
8581
332
1033
154141
5473
595
5655
891
1159
6790
51200
900
63979
5347
9768
441478
81788
221143
4047
6241
51645
64976
26227
4085
10573
7136
2237
80152
84283
360
6624
6820
79833
151648
79071
54069
57111
3868
39
25830
10926
23682
92856
11164
6502
4879
400745
27076
51287
2067
51155
90417
445
79081
400506
3993
4835
4605
2224
84918
51703
3619
57402
10331
397
4833
51228
4682
100170841
79905
8303
11161
4507
10328
3713
79755
10615
3397
7037
28991
57038
51181
11004
7298
5985
1718
348995
3783
57405
2125
2041
9585
2941
9837
7262
51162
4259
79717
28958
11157
1468
388564
10558
6119
79622
7283
3417
4521
6182
378708
10383
60370
5888
6705
1841
1839
6169
6623
10528
135154
80119
641
347733
91368
2618
10280
51256
63922
10101
64963
85460
5493
9212
7004
6883
81610
23397
51478
147007
26292
113452
151195
2739
244
822
441282
6319
56902
54797
9214
63901
3694
57171
56945
51337
90407
83461
142679
56992
55010
10105
55388
8086
6002
8318
60491
28977
10053
301
