80176
9363
10052
710
92017
9935
286133
48
1675
130271
1289
8510
120376
5159
91543
4969
84034
6863
92162
1902
3075
5218
285195
2009
2328
3554
6383
8817
5573
149111
6423
145258
5166
8738
8406
54510
1236
730
23127
23428
7291
128077
5966
5552
339768
463
81621
4097
4323
2736
51296
6909
3479
10615
10234
219539
51191
79180
147906
6363
51026
5125
9427
2207
6646
9258
284611
976
94
1840
79981
10365
28959
10536
9172
2921
9945
1278
7056
5020
2199
3690
205860
274
143279
53342
51334
8839
25890
81501
23433
8814
5866
90865
3984
10409
3398
10491
387496
54529
8840
150
9435
5054
1281
25927
23041
4312
4487
54971
2295
10912
8082
23194
158326
5412
79776
716
114879
6004
29969
81575
27145
23228
3488
5118
9353
6695
30812
57683
5179
22872
220323
623
7078
6935
654
10186
4035
23136
57333
3671
8788
4318
23704
4929
253738
51715
58494
9023
51363
23621
55824
5734
3082
4313
7060
7373
5144
222865
7220
26585
6752
11013
22901
7130
23478
6275
64094
5321
2018
6355
6515
8613
84814
3224
734
9890
5806
1893
2306
5176
7431
4023
2239
3587
347
10208
10404
126129
83758
2159
5739
4958
390
4170
26137
2217
51561
55802
5999
84883
9976
1742
8740
22982
639
115004
55344
1009
9265
23414
4319
55365
10344
8519
91461
5238
26258
8642
8076
79887
8509
3270
219348
24145
3601
81618
6810
60386
79901
1809
2615
139818
26508
5919
57722
2786
26577
6387
11213
1123
5630
23630
50640
5157
10732
151887
8309
3429
144195
285590
5360
145389
1306
5168
8445
3910
7079
388403
2662
84935
115908
2146
93953
2833
5770
2200
25
118429
348093
1514
79652
84870
1303
1759
3589
22795
10184
7025
7140
2734
9588
23174
9839
3604
79070
9507
81035
1031
266727
6649
10267
51762
3908
2959
8829
79987
3490
57088
8536
51063
23011
653506
140893
868
5794
64066
2701
7043
216
123
3164
2487
943
27147
2719
8913
1193
83643
19
1293
54583
163933
26608
25960
221476
55603
79974
23208
51083
6750
6913
633
51450
2934
53826
10157
8905
29967
51299
10417
8483
89801
4060
23643
7314
90362
8543
9536
665
1462
4239
57134
9580
6675
1805
4283
4920
4907
8439
57124
79685
10395
55274
6793
1290
9242
84976
30008
4211
7543
3598
1879
57161
1634
5055
64175
23180
83716
10289
55691
1513
79630
