1123
8445
390
2736
710
6275
2009
3671
4920
1809
1289
1293
1303
1009
1278
1290
1462
2200
1513
4060
115908
22795
6423
4313
8840
79070
7130
4958
23414
8076
10417
7043
8483
79652
10234
6695
8642
5118
64175
30008
51450
83716
9945
57333
2328
3554
7060
8082
6935
150
2018
1902
5360
1306
7431
7056
5168
7079
4023
26577
1675
716
2199
216
94
2701
83643
8613
9023
3908
5157
7373
2934
1879
1805
4969
6387
3075
5176
5919
1634
151887
5125
3479
4239
10186
58494
9353
79987
10395
8406
3910
57124
84814
84935
118429
57088
8510
25960
54510
79776
2662
221476
286133
158326
90865
25890
10365
123
1514
1193
5734
8905
3587
5552
23643
79630
9839
139818
23228
84034
9935
10184
81575
10491
8839
51063
84870
57134
11213
23621
81035
665
79901
64094
57722
