1281
4314
4969
29106
26577
25890
2335
51365
7850
1800
2255
84034
7148
11185
2934
8644
55512
56265
1278
79987
3489
94031
55273
116039
22801
4239
8406
27286
8076
23768
7472
3908
7512
57124
1292
3290
64641
10350
2662
283298
168667
4015
4237
221091
1238
8745
4811
7045
4060
1803
389136
5740
10234
4958
9358
3036
8689
1513
3225
4892
728008
2192
145258
171019
9452
9509
1306
55203
151887
2191
7058
283383
5919
5156
25797
219928
7070
10457
9068
4915
5118
10418
5212
6649
56898
2202
4653
57611
388533
23414
55076
25960
25891
3223
1290
25927
114898
219348
55022
338773
8671
5789
1902
8038
84752
5396
2825
57526
29767
6356
7059
55323
3479
23460
92293
10673
342865
862
136
9934
80114
56944
165215
7123
127435
57863
10875
4857
51435
114757
216
2277
3437
203430
4921
2014
9770
2252
721
151126
8706
4286
9638
6423
89866
5579
8522
5866
730
57168
2534
3090
10351
133
284207
1293
7941
54587
1636
2736
439921
284297
2042
23671
7439
55603
22795
6320
279
284611
3662
720
8434
4320
5950
4212
4837
10003
139818
3226
375616
57188
8532
8646
55698
283
5745
83468
93166
135228
118429
83690
8808
5179
65009
80235
163175
2123
133396
9096
5836
108
147495
23491
53905
1381
254228
3606
3695
4487
716
5136
84329
146433
9615
276
10319
54796
6483
6275
57007
7291
1759
84627
916
340075
126
54518
51339
254528
55937
3073
353500
6495
54507
124842
64236
170690
55501
10855
2213
442245
1879
4009
2687
1893
57493
5348
25903
29947
54756
1956
441282
79974
256076
367
81031
6474
5413
7048
2890
113277
717
84624
84966
5178
2946
494470
80332
3563
6900
54578
125704
954
7480
9859
10391
2535
2944
81035
2028
1593
220323
222235
114905
91461
388135
85301
152007
131566
441631
253152
10887
8817
114902
81792
64066
8425
1992
8492
3566
79633
23475
374897
6672
89796
4681
80760
203190
81849
285704
55809
150368
51148
81551
4052
219902
9173
169522
220963
10404
1842
136227
7035
140885
6675
9945
85480
23102
25987
10231
10637
3547
9334
4856
3674
9586
5915
2247
646113
7436
8708
116985
4277
222166
3671
1030
4862
9246
4045
144811
4094
56978
2217
55113
92126
2054
7133
2330
6943
79792
25946
54946
6414
1644
225
23765
64399
143903
140876
51327
285
55033
85449
649
3827
7204
84171
9971
203286
83700
115207
10846
729085
221955
654
2798
64409
11081
120
85464
2634
23232
146760
252995
3491
1009
2596
50937
9902
2677
6252
84254
1955
3135
7345
868
162394
51564
10903
4353
23176
90993
6711
9687
30011
51421
7077
9168
3459
57118
974
7076
8823
219654
2019
9253
5099
83478
57462
84699
8804
306
11213
30008
84662
203523
10125
10493
51347
144406
55137
114880
9723
25925
84870
51635
92181
919
9314
163087
22902
2048
114798
337876
402665
2641
391123
9060
339105
255231
113
64853
6096
3417
1286
411
29915
961
81030
54843
431707
285590
220213
8139
727910
64772
4356
221687
51299
3426
283208
10170
163126
9590
9265
285440
126129
3984
3796
3983
167681
113146
23682
57569
51289
586
141
27147
203100
55601
8682
317
51199
5101
116983
442338
6253
79188
22839
2824
6383
54793
56123
54704
1806
2176
129303
92737
22841
55062
3208
51029
2530
308
1612
2633
23659
10439
25959
8787
79001
3780
4082
10371
29952
55911
116832
2690
4323
54829
57685
831
4835
64388
201181
57520
54839
22809
3232
50940
1808
57190
7545
22836
161
6453
53840
28986
157378
57545
26266
5046
1734
2850
255631
1528
11262
206338
149175
23564
28954
23509
817
55830
55790
117286
9258
53
285148
3590
10966
2556
55589
66004
79694
1896
957
100507027
340267
57198
9805
114780
10608
8496
7220
2892
686
93145
113622
389895
23787
56681
7360
8913
219793
9909
91663
81567
79038
5130
6325
375056
134957
3268
2000
5371
2009
84750
55351
10090
153339
9270
152137
51384
24
6285
9132
5217
90167
5638
2124
85460
9843
10218
3693
338324
6584
120892
116372
388364
51257
51566
941
23241
64149
2841
84913
146227
5139
114327
57403
2562
22927
347741
3920
26149
60529
6853
11078
54474
132884
652
3075
56125
5298
57101
283659
167127
1445
133957
57718
81341
51378
3916
8439
1305
9813
1182
196740
3831
51454
10216
6925
4134
51665
83875
56986
9554
93986
30010
2647
4853
404636
6424
128864
23047
9363
9950
23380
84466
6836
392486
1007
