120
640
900
903
972
1105
1119
1195
1390
1456
1654
1655
1847
1938
1963
2353
2354
2669
2805
3021
3309
3337
3475
3662
3726
4061
4121
4189
4299
4616
4739
4791
4929
5142
5292
5329
5341
5412
5430
5514
5903
5966
6046
6236
6385
6520
7048
7050
7277
7314
7316
7763
8013
8826
8878
9262
9314
9516
10140
10209
10614
10766
10923
10938
10957
11010
11040
23077
23135
23227
23645
26118
27086
27125
29950
51445
51631
51735
54407
55103
56257
57018
60412
64651
79670
79720
80149
80219
80301
80710
81631
84807
84876
115207
153020
196383
220002
255394
375449
378805
378938
415116
