123
241
306
348
351
383
387
388
411
467
518
527
539
677
712
713
714
929
967
1051
1075
1230
1436
1508
1509
1512
1514
1520
1524
1827
2162
2171
2207
2213
2217
2335
2350
2354
2512
2621
2730
2752
2896
2919
2920
2923
3074
3162
3164
3181
3309
3429
3475
3487
3553
3557
3725
3726
3727
3916
3965
4035
4125
4321
4360
4780
4792
4809
4831
5008
5034
5196
5230
5328
5329
5341
5376
5476
5552
5641
5660
6038
6303
6347
6348
6351
6353
6354
6355
6414
6415
6643
6921
6923
7009
7097
7124
7128
7184
7316
7538
7805
7941
7979
8765
8766
8870
8878
9034
9308
9403
9445
9450
9516
9935
10094
10365
10399
10630
10871
10955
11006
23166
23395
26253
27306
50865
51155
51160
51338
51637
55049
55748
55819
58515
58533
64234
65108
79002
79368
80896
81035
81622
83663
84284
113402
140738
150678
201254
219972
280636
337987
