199
356
444
478
486
925
926
928
952
953
967
1124
1130
1230
1234
1521
1627
2115
2171
2494
2530
2589
2590
2793
2820
2975
2999
3001
3002
3117
3119
3122
3123
3127
3162
3458
3672
3673
3695
3805
3821
3822
3824
3887
3892
3902
3984
4647
4681
4753
4818
4929
5133
5175
5445
5446
5551
5763
5921
6003
6348
6351
6983
7273
7292
7412
8110
8214
8302
8320
8395
8441
8482
8538
8543
8572
8611
8848
8875
8903
9022
9242
9289
9495
9523
9560
9576
9666
9760
9788
9901
9976
10253
10447
10510
10529
10578
10839
10863
10962
11098
11145
11182
22914
23604
23665
26228
27333
28531
29083
29988
51225
51232
51655
51744
54072
54438
54674
55084
55501
55653
55784
56253
57121
57196
57406
57493
59342
59345
64127
64218
79070
79895
79899
79931
80119
81553
81563
81618
83903
84056
84329
84632
84868
85302
85379
85458
89987
91937
114614
116841
118788
123355
131450
132332
138948
140739
150763
152100
160335
160365
164668
165186
219931
221184
221188
253782
254559
284406
285025
375775
387923
401124
414062
644150
731247
100287298
100290966
100505576
100506776
101927931
