728113
386757
553158
286887
161291
653562
260294
126353
90355
30836
64848
11313
116984
151230
85377
548596
157567
60487
23779
114884
51765
58516
81875
285527
83481
259173
27351
29984
28231
29094
57834
81034
84951
80324
653145
64284
55966
2263
51018
54103
4293
79101
8140
81579
26207
80746
55326
56649
53836
56342
1212
26499
79413
26751
27075
57162
6318
50805
63926
57509
23405
10279
7538
50628
10885
56941
9455
5900
80149
5364
54902
4642
80004
8906
84617
6059
54566
3419
54700
51442
57707
9331
476
3198
84830
22882
64167
5604
1956
9053
29775
2963
5154
7763
23294
55061
26049
57402
999
10658
4839
7164
23682
29887
8045
3326
688
26986
6535
3898
11067
394
1875
64682
6195
7020
6850
7347
55857
55785
6949
10776
25978
84759
79767
1756
51651
4072
7097
9263
178
894
1528
8804
29028
2196
8504
2643
3099
5036
9819
51379
2810
3710
3790
7984
4233
55227
95
4940
79918
3606
6674
23092
54845
79861
9989
3993
5099
23037
1105
9620
1159
1594
7923
64795
79693
2101
9938
10228
23220
26156
57111
5268
28978
7874
9699
54453
54517
9885
55638
2888
4792
8626
27300
10507
8673
10553
11187
330
6273
11232
23607
56606
1687
55172
8440
5836
6769
8569
55287
55720
11275
4999
6732
10128
780
858
2152
2774
7498
11151
55930
3163
51571
7464
9221
64761
4200
4609
5550
6817
8771
9188
2069
23650
55686
64135
3575
9788
10165
10622
51719
2730
5520
5744
6622
22838
638
10466
51606
7296
8743
79977
1849
5718
7421
247
1475
1500
2618
4163
154
834
7739
23173
79651
79837
3552
3875
7324
8481
9748
1665
2707
3669
5800
57380
306
667
5336
7718
23002
58495
5880
55765
605
1737
3691
10847
288
960
1647
3772
5318
6924
8725
10087
10758
54435
79675
8609
9771
10111
10200
58478
64118
272
2872
4139
8870
51635
80308
816
2935
3084
7262
7447
23150
51750
54502
54830
624
5822
8886
9674
22868
23023
23198
23593
56924
2950
5584
51366
55214
79754
4188
6653
7284
9170
10495
10598
10610
3861
9688
10217
55604
374
384
3074
10053
10874
978
1839
2760
4050
5782
5791
6665
10063
57698
79745
1729
2188
3985
4059
4155
5774
10045
10079
10866
23212
23271
23286
55622
1825
1832
6942
7277
8718
10072
23279
599
987
993
3320
5358
5597
8900
9182
10105
55630
55759
2769
3664
3856
4067
9258
9933
10653
11062
23165
51361
5876
6809
6813
7534
7976
7980
9166
10196
27347
55057
244
327
831
1525
3872
5265
9050
9255
9882
11059
23170
55617
56938
79098
2261
3983
4048
4790
4938
7462
9048
54101
55615
55620
55636
55718
81873
1474
1848
2729
3852
3853
3854
3855
5357
5583
5603
6317
6652
9330
9619
10884
22837
23197
100288413
