732160
445815
100132406
284119
653354
376267
145389
221749
253461
115123
201134
30851
94239
66008
11337
644504
138151
57863
439921
85360
51763
729580
642236
81618
29058
27246
24138
92689
90806
112950
64792
80023
57198
56034
79178
89797
81029
114327
83604
84861
23741
84263
64393
92335
4329
63826
25959
26750
114885
56681
27018
54681
64175
90410
54470
3275
80823
84656
2335
7846
26286
8933
90627
832
55279
1634
2791
8237
26580
8036
7431
57037
6038
5578
9315
6443
6251
1490
669
5737
7716
517
1031
55839
2074
3069
11015
3611
4925
3727
5130
5891
1902
2962
403
26471
84159
1175
55106
2532
79801
3858
23466
3516
79083
4811
51098
10274
51514
56947
6695
23621
55752
10781
23093
4131
7205
28974
51226
79001
2632
1389
4237
4735
5054
6596
55501
55958
8829
51334
2200
9202
55619
9939
10098
48
8543
8407
4637
118
9582
9697
10916
79960
54908
1314
1842
3992
7644
10670
23275
26227
79901
10424
5411
5316
9815
51604
55012
6812
9760
51660
2710
8775
25891
64121
6935
3223
9645
22999
223
8724
7381
23208
4082
10867
11168
51465
55207
6396
22872
51715
55454
10535
7123
10010
22954
23384
7314
6876
10231
51022
8682
10169
10628
23051
55577
5264
7596
10730
8503
11237
3184
5468
5999
9276
9900
23345
23564
11130
51427
10055
10581
23429
9518
10979
22836
55070
2274
6990
8202
8623
56912
7049
7171
11277
51192
1809
22921
23708
25842
51065
3485
3956
7083
4705
6782
9470
4053
10484
8905
9134
9554
10367
55691
6196
54985
800
5238
185
332
642
2310
5372
5528
8658
1291
2029
5868
7291
7358
9162
55256
55719
1009
3836
4215
11316
357
9114
290
64759
1155
9500
23603
51409
6678
8476
9185
23258
25874
316
6919
22820
54969
1374
2014
2059
5396
9871
10211
10409
1465
4313
4905
6223
6237
9886
10395
25945
64778
210
387
2778
10516
11217
23179
51309
1622
5552
51322
1479
5037
5305
5567
377
5518
7025
8493
8613
10618
10771
23335
55742
274
1281
2191
6867
7707
509
5510
7041
283
309
2771
11230
23194
23201
826
4919
5048
6672
7117
10529
2009
2054
3987
7035
7639
10093
10226
11311
1277
2767
400
2764
5507
5564
5734
7114
7168
7704
10513
26577
28971
51019
667
1173
2052
3725
4327
6988
7289
7594
7637
10482
22919
23192
54468
55068
84859
1290
1808
2309
4052
6595
7040
8904
10092
51097
51762
100292463
