33
54443
9824
84986
55723
259266
79915
580
332
83990
699
701
57082
836
890
891
9133
9134
991
995
990
157313
83461
113130
55143
1031
1033
1058
1062
1063
64946
64105
401541
55165
1111
26586
150468
1163
1164
63967
55635
1719
81624
9787
79075
51514
1854
79733
1894
30844
54821
157570
9156
2146
2171
26271
2237
63979
2305
9837
3014
3070
3148
3161
7850
3619
3662
9768
57650
3832
56992
3835
9493
24137
9735
3902
3978
4001
4085
9833
4288
4603
4635
64151
54892
23397
10403
55247
4751
83540
51203
132299
55872
5133
5347
10733
5352
5422
5426
9055
5557
55771
5888
10635
5932
5983
79621
6240
6241
151648
79801
10592
10615
147841
57405
6491
3925
256126
10460
6941
22974
9319
7272
7298
11065
7468
6375
