132
79026
50808
302
302
307
259266
332
699
701
11238
837
890
891
899
729230
1234
1235
968
941
991
994
995
990
983
1062
55165
1111
11113
26586
1163
1164
1240
1397
2833
1595
23604
10926
1718
1719
115817
81624
9787
1763
80005
11034
79733
1894
133418
2012
2034
54206
11082
116496
2274
63979
2678
2745
2769
10007
3005
3014
55363
3161
51617
8809
7850
3575
10788
3687
3688
9768
57650
23095
10112
3835
9493
10219
3914
3956
3978
9516
4001
122769
4171
4172
255231
4288
84057
51264
4603
4605
4644
9918
64151
54892
10787
10403
55247
4751
83540
51203
55872
10733
5422
5426
5427
5441
9055
5557
22949
8438
54502
5979
23433
23433
6094
6095
6281
6275
6275
10505
220134
28232
6652
10615
6713
6491
10460
6941
7153
22974
9697
6302
125488
145567
11065
137886
29128
9094
51201
