967
4635
5355
411
84868
56925
952
158219
5359
8411
54502
10549
2745
840
3559
824
79180
4783
22822
5734
1326
6351
5341
57823
84419
197259
23710
1493
307
196383
5996
214
50515
125488
26031
116496
6310
493
201633
8836
2012
5272
11034
29887
639
2591
23692
10809
301
6095
195
3005
8993
11332
3915
22926
23589
11163
7905
5911
2669
202
55794
10930
8347
11172
83988
8524
493869
11082
1524
9839
53637
4644
3092
3684
1509
3683
4542
3398
960
81615
54843
51201
3595
118788
54476
79158
27293
2151
3903
6118
5795
93663
3672
10663
22837
57105
22856
2081
10402
115361
597
2149
54206
356
6352
1234
8553
8829
5783
6284
23175
3764
2213
56994
23604
3687
80005
3001
3003
30009
8809
3821
84525
5551
8807
2833
3458
8810
1231
10219
22936
3587
29957
7133
10875
837
834
6280
6279
23191
10602
199
2769
23075
23258
953
822
3958
6277
6275
6281
3956
302
9516
968
23433
941
9173
10995
11110
79026
84564
91663
93992
160851
729230
