54443
378708
9824
84986
55723
259266
79915
6790
9212
332
672
83990
699
701
57082
836
890
891
9133
899
991
995
990
157313
83461
113130
55143
1033
1058
1062
1063
64946
64105
55839
401541
55165
1111
26586
150468
1163
1164
63967
55635
1719
81624
9787
79075
51514
79733
1894
157570
9700
9156
2146
2171
26271
2237
63979
2305
9837
3014
3070
3161
3619
9768
57650
3832
56992
146909
10112
3835
9493
11004
24137
9735
3838
3978
4001
4085
55388
4172
4174
4176
9833
4288
4603
9918
64151
54892
23397
10403
55247
4751
83540
51203
55872
5347
10733
5422
5426
9055
5557
55771
22949
29127
5888
10635
8438
5932
5983
6240
6241
151648
79801
29015
10592
10615
147841
57405
6491
3925
256126
10460
6941
7153
22974
9319
7272
7298
11065
29128
7468
55055
