65987
2766
3428
7444
55803
84875
27074
6672
25865
8775
51296
127544
355
715
7318
6373
1267
116071
3601
55013
10865
84930
201176
94240
10135
29126
3659
57169
83666
54625
129607
115361
4283
941
57162
85463
9753
51365
256586
26750
3574
79370
602
834
64853
388646
1616
163351
146857
345611
7098
25939
2634
55905
4084
5168
51284
56937
4343
3959
55281
81030
3627
79132
64108
6772
64761
684
3669
6737
3433
3430
10379
3434
5610
4938
103
91543
4599
4940
10561
8638
4600
55601
3665
6773
4939
11274
3594
8375
8374
