941
23670
3559
3662
6504
10538
64092
112574
81553
3555
22936
7227
952
5606
5272
4860
3627
3600
3665
64135
11274
5341
366
153020
5966
11080
23429
3606
10260
8444
221079
9693
80149
56300
8767
1647
10950
29933
1326
255231
3475
54206
597
8870
1847
9034
23135
23764
6351
2643
6648
2180
1844
7124
3553
3552
2921
7128
4792
29126
64332
8740
80231
1992
25932
1051
51296
10602
11213
3303
1536
929
6280
6279
59342
2212
3162
29992
84419
11006
942
967
4067
6775
57823
132864
196383
1880
25976
57485
79720
7050
30015
4793
5932
3725
6236
10221
6520
2669
5996
1164
2717
9456
255758
4783
388
22822
7832
1843
3726
9592
3164
2355
467
80219
2354
1390
4929
5734
8013
84275
10253
6498
10206
9683
80824
7185
3383
330
65108
4616
85463
4794
1026
6675
5292
127544
338339
8878
4780
222255
51278
7850
