118788
7227
942
2650
941
929
952
57823
29992
80219
4067
55300
3552
5272
3606
10410
55281
3601
1390
10950
64135
3627
153020
84419
221079
91543
9246
629
3600
8676
51296
3669
6648
840
8743
9636
10581
3587
219972
10561
23429
79931
2820
84930
338339
64108
23424
56829
1326
5359
10260
25932
115361
10018
10135
10538
3428
837
3586
597
3559
4938
25801
9034
5610
1536
80231
11274
7128
132864
439996
2643
85463
55013
602
10437
7097
3656
3437
54739
4792
8870
1026
4084
3553
6351
3665
23643
26471
1263
6004
3434
6280
2921
3604
9334
29126
64332
127544
64761
1846
5341
64092
196383
2669
5996
6357
4616
5734
1847
8013
65108
7050
4783
22822
79720
467
4929
7832
1843
1958
9592
23764
3164
2355
1051
80824
8376
8374
