11238
29851
57105
22856
23092
2769
118788
23075
953
8524
23710
27120
94120
6310
493
201633
54836
54843
598
26031
245972
411
54476
79158
27293
11082
2081
2591
125488
389072
5576
7703
51201
2151
10663
5795
3903
6118
3897
3672
22837
960
5214
4542
6095
195
4644
93663
1509
84650
2213
23692
3687
301
23175
10809
23604
3764
3004
80005
11345
3595
30009
4818
2149
5783
3683
5551
56994
8807
3821
9497
57412
493869
5911
1524
9839
53637
154075
2034
79156
197259
54331
158219
33
4635
79634
127124
63951
3006
8819
214
50515
116496
307
11163
29887
3005
22926
3915
7905
6284
23589
8836
11034
639
81615
202
1891
5613
29957
80150
168537
333926
10930
55794
8347
11172
83988
3820
3684
3459
8905
54502
199
644
84868
11110
114242
160851
79026
84564
89875
91663
93992
