3001
30009
3897
3458
3683
54843
50515
10219
3672
10663
8809
23191
6284
3903
3092
29887
5795
3915
5551
8411
2207
356
4644
158219
54476
56994
960
493869
81615
214
23710
2149
2833
64065
9497
8807
22936
1231
6118
93663
3821
195
639
53637
22837
79158
29957
307
8836
56925
493
80005
3003
23604
27293
54502
3956
5911
1234
411
8993
29851
5243
23589
4542
23208
2591
23175
2745
79156
11034
7133
3684
23692
6279
23433
9516
84868
10549
201633
8320
3800
302
8435
2151
10602
8553
8829
3005
333926
5167
7905
57105
11172
834
6310
3764
11082
9749
51201
10930
7498
3595
22856
9839
23075
23258
2213
11163
125488
6095
8530
11332
7703
29969
84525
1154
1493
728392
79180
6352
202
5179
116496
6275
140738
197259
1524
3398
11006
3958
22926
6277
55450
824
967
51744
11126
10875
4818
199
8819
2012
26031
8810
301
5783
10809
953
3687
54206
9173
91663
729230
10995
84564
79026
11110
