84131
27258
55631
9263
6184
3726
79902
2318
3151
10799
29796
7965
1111
51534
11340
79172
56902
6566
79084
51465
51491
4521
10592
292
9818
8847
11333
56267
10063
56647
5340
85397
6631
10733
10204
25804
6611
10969
93081
7416
10213
26292
64750
2791
2152
3575
83990
8399183990
83991
3181
1633
84266
56263
9086156263
90861
4478
7168
219844
115106
9688
6635
3655
55839
53838
8836
5214
2193
27102
387103
7277
6434
7372
51154
55270
5237
55276
79007
6628
4331
129401
6921
51668
84798
3399
79711
10056
1981
220134
79157
5329
153562
4172
1719
10193
3398
3015
1017
56926
55055
6993
56942
55972
389
22948
9601
6626
10432
9260
26207
7170
23603
10613
5059
106065059
10606
51002
348235
4603
80851
675
56681
51728
28957
6494728957
64947
57122
7283
5411
83648
5983
4637
4176
55110
23625
10452
55038
4504
4522
5718
4605
51192
56675
7430
29902
2822
6723
5865
57486
4494
51330
7167
3037
79135
150726
51253
79807
6382
84058
51444
378708
64777
2023
1326
222865
9784
11103
6876
5036
8607
6632
4017
5427
22919
92856
2013
5708
4233
7866
3999
848233999
84823
5352
57552
4830
6800
201254
86
10301
6627
10951
55646
9199
5216
55835
23406
57213
10208
6182
9510
10539
55884
51021
6495951021
64959
64858
8195
84319
80315
200162
359815
6675
27235
11169
131566
23065
51128
5688
5702
10980
1854
10465
26147
7169
28985
1978
10236
