8842
10568
139411
11197
5803
22802
285016
6530
7368
9982
90019
5317
4316
399694
51442
6285
2835
1828
11254
130497
57348
79192
3868
3853
286887
6273
342667
81706
2568
6663
8190
6422
54763
152015
25818
5650
5653
11202
1830
3854
3861
3852
3872
1825
653145
244
2196
23650
5268
8424
25928
53335
2296
135295
56963
55612
1410
3400
118611
23336
1756
6263
2047
6769
79937
146433
5806
284578
140803
84171
8492
9542
2919
2920
2921
100188953
91133
3918
3914
1001
1956
10913
10361
137835
72
57158
5137
5063
57484
3815
51302
9481
646
6331
23349
400746
1116
5918
