1511
1215
7079
4653
26577
56301
7140
1776
729
85329
2662
10840
2277
221476
286133
91851
64102
5105
5950
146894
3952
2167
9370
286753
63924
2819
5346
364
1149
400258
729359
125
124
10249
30819
283392
80704
92293
375719
3991
220296
641654
80760
126393
5959
50486
948
158326
730
2532
6403
4222
90865
22915
6358
8436
660
10351
10350
23460
3479
79987
7148
11185
80332
4239
221091
4223
25890
5348
338328
219348
554
27129
2273
153579
4023
6329
84913
374864
10349
345275
4826
206338
5166
130399
440738
55273
443
8854
1036
6327
4969
4958
114905
117248
7373
9068
4081
1805
5745
5239
7512
54988
29953
152831
10894
