79733
63967
8208
1164
321
144455
128239
64110
57622
110599564
114787
580
55010
81624
84057
8438
9700
8914
55215
9787
2175
332
9088
10721
10112
83990
51155
10460
83461
10733
993
1111
54443
220134
25886
3014
55789
342897
10615
203111
6493
283248
3832
6472
891
9401
9232
5347
22974
57405
2305
9928
100529239
995
4171
4796
55872
699
9837
3052
3068
53904
9133
991
24137
84823
8099
51514
11065
55839
4998
4288
5984
64151
55165
83903
6241
113130
100288637
4751
5831
9585
51203
55038
23594
29127
55247
6790
55771
84733
11113
23397
1869
7283
5710
79094
150468
54908
875
3833
100287932
2187
7153
57082
220042
5127
6182
890
1870
146956
54906
27338
11130
898
83540
578
9212
2491
147841
79000
1058
3838
2731
990
80178
6631
3159
9768
518
7272
55723
10195
80119
55635
151507
29128
84900
157313
81620
55388
23532
4605
51512
90381
259266
4085
6491
10635
3015
5888
23657
701
8819
6732
11004
79801
4001
84930
983
10785
54892
9493
55143
8318
146909
9156
9601
54478
94025
84296
284403
57650
78995
2146
2237
9833
9824
1871
55355
7083
10403
89958
7516
10213
56992
57116
4830
221150
54821
3619
1062
1063
10024
83879
3161
151648
