8339
8924
3853
5026
861
4018
6728
3013
1485
4101
1595
3694
51326
95
4837
4763
3576
6319
360
5054
116372
5230
10484
8976
23213
6696
54210
9245
3422
23174
51029
7169
26585
6515
3156
57214
50507
4319
133
7057
3556
4860
335
4015
6617
7045
8352
51077
26173
25937
55706
28234
2012
10802
8497
5999
3910
157869
50862
5144
9425
7783
102
80328
251
5329
87
3018
54360
5214
3091
3597
1456
8795
9244
9531
79598
4616
373
7074
57099
768
7262
27286
23185
10492
3364
8344
4105
1300
1993
2150
8365
8450
11075
5997
1404
201501
3280
2335
51
4312
80705
64184
202
79098
10690
56957
11082
4598
5163
5475
57406
8553
3440
7384
4010
3381
5868
30848
5865
23040
11009
228
79816
246
6695
2764
10844
182
24142
1490
10190
25932
865
112399
64794
3006
51068
9229
11099
2224
5055
8125
11335
8630
9052
79799
1462
23244
3836
2317
55282
7126
7436
7042
4111
116285
123
5669
303
8345
256987
10998
1827
8621
5328
165
51510
51129
317781
262
2028
8355
6272
6781
51035
5782
3012
9878
3373
8348
55633
58189
64087
91304
23704
57502
51806
253512
29881
9675
10299
5939
9076
8343
390561
3854
30851
100506403
5340
7310
8351
8970
246100
266740
401387
100505984
100506084
100526760
101928916
101930150
101929047
286887
100533970
101928269
8346
101929832
8347
