124
350
658
667
827
942
1019
1308
1349
1440
1490
1513
1755
1820
1825
1991
2070
2152
2167
2191
2192
2202
2357
2487
2709
3043
3067
3159
3241
3491
3553
3598
3620
3624
3853
3854
3885
3899
3909
3918
4053
4060
4477
4538
4838
4969
5100
5157
5187
5209
5307
5371
5408
6279
6291
6347
7042
7057
7097
7367
7546
7980
8013
8404
8626
8864
9043
9547
9911
9966
10332
10361
10481
22870
23213
23405
25890
25975
25976
26166
28815
29974
54210
54858
56963
56999
57451
57496
57617
57685
60558
64100
79413
79442
79586
79618
79838
79870
81575
81671
81833
83957
84691
84951
85452
114819
116039
122769
135932
147372
151647
153514
168667
219539
282973
284454
286887
349075
375484
389332
389517
440934
727897
729420
729682
100131138
100652951
