177
3816
9496
64180
9376
8128
1369
1539
84779
6869
8844
1089
7849
2978
6928
9001
4640
2692
6792
85360
79946
6900
5630
7348
80852
5648
2902
56891
25819
55507
54866
10332
3172
2840
7135
9427
56302
29114
5545
9381
4842
9754
54538
6886
23434
1444
8456
10408
6462
8110
6559
2250
3046
6866
58510
212
1579
1576
22830
4185
5153
5309
6540
2994
6336
64344
10881
6545
5675
55879
7275
1813
10249
8687
9350
80036
57172
4761
2765
26532
5068
8022
55472
56
3758
26085
6539
6439
1414
57369
1557
1559
9597
23742
54891
2100
2880
5313
10882
10136
5600
9032
6528
10107
6795
3674
27296
8193
54466
25769
7781
5139
51350
2002
9362
23120
4049
3568
57030
57408
1142
4336
766
3111
815
778
6753
2779
3718
3785
6440
56656
57818
5030
11219
23563
363
346
8812
4991
113612
10692
3442
27004
2822
9407
23305
2903
10660
3218
9901
4034
29998
23373
56928
4807
9038
89
65012
79567
5802
54476
391
7482
23615
3714
5763
1822
4357
50632
1760
242
64100
