8839
72
5104
1281
10216
9022
3858
779
57007
56944
4761
283987
112609
11005
1264
1008
10417
7857
2829
2192
150967
3162
81553
647764
25984
6615
8988
1290
3868
5132
389336
51560
6876
55504
55731
90557
91409
2202
27063
7832
55351
9753
22808
376267
2167
151887
2199
3861
250
9765
7045
92565
64137
9056
11015
55214
256536
10395
145815
1435
3883
644849
51092
80127
183
3556
9982
8434
22846
83853
84527
440421
5412
11046
161582
6649
10638
55640
64792
338428
25911
57462
317649
9486
2555
4286
10497
285761
79858
80781
650
3046
2246
90075
89782
219952
6383
282679
26074
5935
56262
157562
9581
5493
338620
283131
51200
1021
200879
57110
1316
54749
10398
94015
127294
538
619208
80820
64940
140032
84503
92104
118812
2878
64089
10612
9520
159371
55815
10769
3872
90102
163259
3084
10875
51552
51232
548645
