56944
27063
64648
151887
25849
723961
7103
653743
643338
64650
389336
1016
183
652683
245972
221395
646371
5055
55894
84676
3638
11067
1028
5454
26609
389136
25900
1673
10516
79633
57007
57639
28986
29949
114800
84206
7869
51480
283537
6706
57326
2781
7299
219539
312
389860
3164
1364
64663
27151
23066
57537
669
256536
80150
10365
26074
337882
6690
3690
643930
2257
647764
27253
30848
283
57535
651872
9783
1152
51200
10826
3598
83719
146227
23127
90737
221393
6519
125170
26353
129807
1515
8736
25984
23508
23261
196743
152816
93953
1746
140258
135932
2026
56963
2306
3957
493861
11025
94241
80235
9915
376267
495
4950
10234
4884
608
78986
6348
338872
206938
81607
4018
285141
84688
58476
23492
162494
57101
84981
10014
646278
55351
6590
338094
3909
6578
3884
649366
2167
340543
64115
25959
56271
158931
126520
8817
58528
63874
65009
7060
4778
84952
221074
170679
4131
337959
85012
440585
8324
158521
7069
4319
1140
9899
221687
79153
50964
2066
29993
51421
26038
25759
50617
122402
114780
8754
126567
11145
442572
2281
56776
284427
340286
285489
10886
5465
6581
27294
649824
56300
185
56969
3797
3294
2318
25924
57452
80975
51754
347733
84215
26166
374987
1008
8013
10580
1264
137872
926
26230
51339
120425
144501
27145
8913
56001
10313
7781
3557
54102
27124
7844
198437
23036
126859
22891
9659
442590
5368
3110
3932
147
79575
29944
10149
652226
643429
641774
27306
11283
57093
57822
4703
81872
645642
8698
309
653419
118430
665
717
3834
116496
284119
197257
6351
213
440995
494514
163404
81849
5376
54363
147744
53349
3171
3316
10140
84627
56917
140564
83896
8788
51066
440356
128602
23048
2352
10720
254773
51308
4744
92749
55512
7126
9582
6609
1474
64168
84569
5724
65108
23002
481
57834
3563
114900
1081
25797
653807
84818
146754
10912
51762
6699
3486
8710
643847
401052
1845
8277
81558
81029
26289
26256
1297
55384
9311
55062
115749
126668
200315
80201
140679
1149
4632
6017
160622
79864
6900
441519
79698
118663
119467
4118
56262
9693
6640
51050
150280
55504
9363
81618
1378
3689
81025
3169
7364
259197
58473
339541
92241
8115
152007
9355
9332
57617
9842
29114
23670
758
9966
118491
149345
1592
3827
3699
254428
26998
5243
8470
7345
148545
57134
8744
10962
83988
57758
196500
80726
219970
6462
54760
199731
220359
5121
27127
254778
7222
23057
7365
402560
64061
9520
2811
55998
94039
56171
150135
222256
5319
284111
1300
79413
340542
57348
6019
7280
6399
10385
343263
148645
7111
1577
10411
5266
23466
9048
138046
142683
212
80714
1859
26153
7678
55612
25884
4616
144193
4867
57716
4758
55576
199899
64131
84134
80223
9971
2886
57144
1073
64089
78989
1601
56287
7301
257236
9027
2583
57732
80835
648473
22885
4642
84226
5794
259
3240
287015
4107
4625
7450
131177
5136
51447
631
4295
1776
221468
54796
653500
55282
2527
6457
1551
392331
1305
8857
10974
54858
340526
57121
51561
5743
6710
139135
219875
2159
161829
6947
140733
4045
220
8174
127845
6927
9792
652102
22862
29906
83479
5467
1013
84944
375323
3006
4151
4693
144110
56649
339768
3067
259239
51706
79741
4828
2203
3727
90634
55258
722
374973
6860
58484
9032
64838
2823
6014
7473
127829
92359
79315
83445
27289
6932
2615
6512
4314
221472
554207
5225
211
55715
6853
7673
283579
7138
4193
3029
23643
284029
901
54757
29091
55336
9846
432
3885
339240
653114
341568
2974
57520
51127
127795
23176
2664
91977
140699
55423
7031
27283
1668
401236
10620
144347
256979
123624
660
10225
348235
140807
55684
7286
57458
1131
5745
11072
157506
169792
6271
966
3818
6847
885
115811
647048
1901
649975
5132
23710
27159
79729
55565
4071
79753
10870
3809
647476
9990
57804
114836
651807
4624
914
114781
5744
643008
9052
29950
9143
6049
125965
199964
10100
644186
599
79735
8740
6705
196883
5552
644731
54674
127391
2350
3882
6361
1292
85449
241
27295
641709
2260
171483
24141
388135
9762
8507
11013
4753
26056
8408
88455
55902
2571
255631
127003
1893
1350
653600
29119
