10320
9910
3575
55303
3106
3937
4046
2533
5341
3055
3587
10859
3071
3903
4688
1536
5788
7805
963
2124
6503
3689
4542
3059
4332
3561
962
313
6352
4050
9535
474344
3003
7940
8477
10288
7456
951
51411
2207
7305
10875
2313
3394
55843
10019
7133
1794
914
9459
11151
23643
4069
3683
7128
6039
7040
9051
8530
5996
2268
6402
64780
80342
3676
9935
397
3566
399
3113
4818
4689
9404
3702
6404
3115
915
11314
3560
113
5734
5552
919
1236
4478
241
5732
5880
2634
7409
9976
9934
4792
6280
10437
64747
9770
1200
391
50856
3002
79037
6279
834
597
3133
3820
10578
5873
8807
8459
2014
51291
3932
9235
5790
3965
26112
25939
6890
2633
1520
2999
101
2745
5551
969
3108
972
22914
5791
3122
8875
10312
1475
7535
3134
3135
1043
9936
939
