9452
4921
55340
3671
1634
5069
6424
7058
9450
9547
2294
1300
72
54518
4068
23213
4481
719
2191
5740
9358
633
6387
1842
2212
51338
8840
1278
64231
1909
7412
25960
57758
199
9843
4060
5733
862
1003
23533
10268
9079
1346
10085
2213
9890
1306
8639
3699
2326
5592
57125
11326
1293
6444
1281
2162
283298
10261
1311
3082
23460
3684
4094
64581
54829
131578
2078
942
50852
1296
6943
22918
9332
26585
25802
7097
9839
713
3764
3791
945
25780
7292
1230
1436
695
8076
25878
79822
23414
51284
8038
25903
5168
8483
6614
10417
10154
11096
64092
9023
7373
51705
5999
51294
5919
57124
5159
712
50509
3479
11262
22797
63923
79895
23090
2487
710
2028
929
1734
2357
8809
3067
51314
5138
91543
80760
356
4314
50507
7472
2615
4283
26011
2199
25975
3553
10418
4345
