6790
11065
29127
9787
22974
699
9133
1058
9232
9833
1063
332
4751
2305
10112
9055
11004
1164
55355
7153
11130
4085
9319
9700
983
6241
55143
1062
4605
2146
891
7272
10615
3833
24137
3161
3838
55165
10403
9493
27338
1434
10024
64151
3832
5111
259266
9768
701
23397
79682
1033
10460
995
8914
991
29089
4175
4001
8480
51514
51203
55872
2237
6491
55839
54443
9212
56992
51659
9928
9088
9134
54478
79075
5888
83540
4171
5688
8318
641
5984
83461
9156
3015
3148
4288
1163
890
51155
10635
7083
10212
79733
10535
1503
55388
7298
23594
79019
29128
8438
11339
6921
81610
23560
990
3925
3014
1869
29028
22948
51512
10926
79801
56942
10797
898
8833
51012
6631
55789
5347
11047
25788
10721
23649
81620
9401
1111
9735
54069
81930
55723
57082
6632
6713
8813
10733
4172
55257
10213
113130
10682
8836
113115
994
55215
5708
653573
27346
26271
84823
1841
29899
90381
54821
64105
55010
10376
128239
90417
11260
9793
6627
6874
8317
23204
8270
5557
387103
26586
9582
25886
4521
1894
11073
10248
6637
55969
54915
7167
54892
1789
11169
2175
79866
8208
57403
221150
51001
5203
705
5427
23306
23590
79139
7371
29901
51256
1477
29980
28998
908
51373
10606
5718
3978
93594
5687
56943
23234
10051
94239
3149
201254
84908
84057
9791
1786
51497
55635
5690
7514
6611
8140
84722
9650
7283
7374
7804
3068
7443
10528
86
55353
51571
92140
11332
10452
81928
26039
25879
23165
87178
4173
81624
29097
993
6732
80119
25926
7884
51053
4839
23246
55732
3159
122769
1515
9377
116028
22827
9885
51491
10189
3182
147841
84900
57405
6636
3251
7336
54845
55544
3181
154467
79980
9631
3070
2189
5348
8490
5654
4915
6925
23024
26289
125
3913
2669
730
10742
10234
7704
57658
9936
667
152503
947
2205
150
1408
2532
26040
64094
10252
58494
79846
8613
2487
1805
10161
6424
8434
7048
3679
1842
4958
5627
862
9353
80310
6038
5157
23492
4629
79901
10351
2192
2791
7043
9079
358
3908
27303
59277
6387
1634
10129
85458
10186
857
2331
23371
26137
51232
57088
7373
23768
219654
3479
4969
4239
8404
