292
1111
1178
1326
1633
1663
1841
1978
1981
2023
2107
2171
2193
2224
2923
3015
3037
3146
3151
3157
3181
3182
3422
3638
3655
3988
3992
4172
4176
4240
4331
4478
4521
4597
4603
4605
4830
5036
5214
5216
5329
5352
5427
5447
5688
5695
5702
5708
5718
5757
5805
5814
5902
5983
6182
6184
6319
6382
6427
6434
6566
6590
6611
6626
6627
6628
6631
6632
6635
6675
6713
6723
6747
6921
6993
7077
7127
7167
7277
7283
7372
7416
7866
7965
7980
8202
8836
9235
9263
9276
9415
9521
9601
9818
9821
10056
10063
10204
10301
10432
10452
10465
10534
10535
10606
10733
10799
10951
10969
11169
11325
11333
11340
22919
22948
23175
23406
23558
23603
23646
26207
26471
27020
27258
28957
29088
29796
50484
51128
51192
51253
51330
51444
51491
51534
51668
51670
51696
51728
54206
54858
55038
55055
55110
55186
55270
55631
55646
55651
55706
55835
55839
55884
56926
56942
57122
57213
57486
57523
64750
79007
79172
79682
79902
84823
90861
201254
