1
58
107
207
208
246
293
324
335
336
354
356
383
572
597
598
604
695
818
820
842
860
867
898
929
930
933
948
959
960
971
1017
1019
1020
1021
1026
1051
1072
1123
1147
1277
1278
1375
1386
1387
1398
1399
1432
1445
1457
1459
1483
1499
1500
1600
1605
1739
1793
1796
1843
1854
1855
1869
1959
1962
1973
1974
1975
1977
1978
1981
1982
2002
2033
2059
2064
2065
2099
2113
2149
2151
2168
2195
2208
2220
2242
2246
2247
2248
2249
2250
2251
2253
2254
2255
2258
2260
2263
2264
2280
2282
2283
2284
2285
2308
2309
2353
2354
2355
2419
2475
2534
2549
2644
2668
2688
2690
2697
2770
2776
2782
2792
2885
2887
2888
2889
2903
2904
2932
2965
2971
3082
3159
3265
3295
3303
3320
3551
3554
3556
3557
3565
3566
3567
3569
3570
3572
3586
3592
3597
3598
3611
3630
3635
3654
3662
3664
3667
3672
3688
3716
3717
3718
3725
3726
3727
3921
3929
3984
3985
4012
4023
4035
4040
4043
4049
4067
4131
4137
4199
4214
4215
4233
4296
4303
4615
4633
4638
4660
4684
4688
4690
4695
4735
4790
4792
4827
4843
4888
4988
5048
5074
5080
5154
5156
5163
5164
5170
5269
5284
5290
5291
5293
5294
5295
5313
5328
5337
5452
5465
5469
5515
5528
5567
5568
5573
5575
5576
5577
5578
5579
5589
5594
5595
5599
5601
5604
5605
5608
5609
5610
5624
5649
5669
5704
5728
5743
5747
5770
5777
5781
5786
5788
5829
5894
5898
5900
5906
5908
5921
5923
5925
5970
6008
6009
6093
6194
6198
6256
6356
6361
6403
6416
6446
6464
6582
6654
6667
6688
6714
6772
6774
6776
6777
6778
6850
6885
6944
7024
7025
7027
7033
7070
7074
7099
7124
7182
7189
7248
7249
7334
7335
7436
7471
7533
8061
8204
8215
8312
8321
8394
8431
8440
8517
8569
8648
8651
8660
8672
8731
8817
8822
8823
8826
8836
8851
8856
8874
8915
8936
8945
8976
9002
9020
9021
9322
9448
9467
9475
9479
9611
9612
9628
9655
9961
9965
9984
10011
10023
10062
10092
10093
10094
10095
10096
10097
10109
10128
10188
10298
10344
10370
10454
10458
10487
10498
10499
10535
10603
10640
10818
10891
10892
10928
11184
11197
11213
11336
22943
23038
23085
23118
23157
23236
23265
23415
23426
23433
23452
23476
23643
23647
23705
25998
26986
27071
27123
29760
50818
50855
51131
51135
51164
51761
54472
54536
54625
54756
55740
55763
55770
55824
56288
56731
57379
60412
64129
65003
79412
79581
80761
84433
84666
85021
85329
112476
114609
115209
118471
118788
128239
128869
131096
140885
145624
149371
199699
283489
347745
352909
353376
9200
149
893
8661
388585
7850
28219
5748
8308
53406
7804
200315
9579
28218
9602
79356
51176
731404
146
595
1971
256482
3555
3502
2185
51
8074
4042
140561
8476
3503
889
10580
3951
4609
729194
